1	-7	2
3	0	11
3	-2	14
13	-13	1
1	-3	6
4	2	7
22	-18	1
2	0	23
4	0	14
0	-1	10
2	2	4
0	0	8
7	-2	2
0	-4	1
5	0	17
5	-3	5
2	-2	15
2	-12	1
0	-6	5
15	2	1
0	-2	17
1	-4	3
2	-6	2
6	-3	2
1	-2	6
31	-5	1
2	-1	7
1	-9	2
3	-5	1
0	1	1
0	-5	3
3	1	4
7	0	5
4	-2	5
2	-3	3
23	-18	1
5	-4	5
1	-10	2
2	-5	6
4	-4	6
1	1	2
3	-6	1
1	-6	6
35	3	1
3	-3	6
6	-4	2
35	2	1
35	1	1
24	1	1
2	1	3
11	-6	1
5	-2	9
31	0	4
22	3	1
1	-13	2
54	24	1
4	-3	1
9	1	1
3	-1	6
2	-4	3
6	0	2
1	-1	3
3	-7	3
3	-4	3
45	17	2
0	-3	1
5	-5	4
3	-12	1
1	2	1
42	14	1
23	2	1
6	-1	2
5	2	3
7	1	1
2	-13	1
1	0	7
14	34	1
19	3	1
6	-2	4
5	1	2
29	0	2
5	-1	3
0	-7	2
17	24	1
11	-12	1
0	-8	2
4	-1	3
3	3	1
22	-10	1
57	26	1
52	29	1
0	2	2
2	3	1
9	0	1
3	2	1
44	16	1
2	-8	1
8	0	1
4	1	2
1	-5	1
5	-7	1
23	17	1
14	-7	1
