1	-11	2
4	-5	3
6	-2	1
0	0	8
5	-4	5
2	0	26
3	-3	4
7	-11	1
0	-1	3
4	2	6
2	-1	8
4	0	6
5	0	19
35	1	1
1	-2	11
5	-1	8
0	-4	2
3	1	2
2	-5	3
3	0	16
2	-11	1
0	-7	4
1	-4	4
6	0	4
0	-2	13
1	-3	5
3	-2	14
33	1	1
2	-13	1
0	-6	7
4	1	5
19	3	1
3	-1	8
5	-2	6
6	-4	3
7	0	2
3	-5	1
4	-1	8
2	-4	4
6	-3	1
4	-3	3
2	-2	7
6	2	2
5	-3	5
3	-4	3
2	2	4
6	1	3
2	1	5
34	4	1
4	-12	1
43	15	1
0	1	2
5	-6	2
1	0	5
4	-6	1
2	-12	2
1	1	1
34	3	2
1	2	1
51	21	1
10	0	1
40	7	1
2	-6	3
9	-2	1
32	0	1
7	-1	1
0	-3	1
6	-1	1
7	3	1
4	-2	8
0	-5	5
2	-16	1
0	2	1
15	32	1
29	0	3
1	-1	2
5	-5	3
7	-5	1
10	14	1
17	2	1
18	24	1
1	-15	1
6	-10	1
16	2	2
21	3	2
9	9	1
32	-4	1
52	28	1
1	3	1
39	0	1
1	-7	1
2	3	1
3	-12	1
4	-4	1
35	3	1
0	3	1
6	-15	1
8	-2	1
3	2	1
49	5	1
9	0	1
1	-10	1
1	-9	1
14	-7	1
1	-5	1
