0	-5	4
0	-2	14
2	-2	10
0	-8	1
22	-18	1
2	-4	4
4	2	7
13	-12	1
6	0	4
3	-2	9
37	4	2
1	-1	3
2	0	24
9	0	2
11	-5	1
3	-1	5
5	-4	2
1	-2	7
2	-12	1
1	0	7
4	1	4
28	0	1
2	-6	3
0	-4	3
4	-4	3
2	-1	11
17	-10	1
0	-6	3
5	-2	10
1	-5	2
3	0	14
4	0	8
14	-13	1
5	0	14
0	0	4
2	-10	1
4	-2	9
3	-4	3
27	0	1
1	-3	5
6	-2	3
41	12	1
26	0	2
21	3	3
3	1	2
13	-9	1
0	-1	4
35	1	2
2	3	3
0	-3	4
2	1	4
35	2	2
1	-9	1
61	30	1
5	-3	3
3	-3	4
5	-1	3
1	-10	1
4	-1	7
0	-7	2
57	26	2
6	-6	1
6	-3	1
41	0	1
1	2	2
34	3	1
33	1	1
5	1	3
2	-3	3
7	-2	1
6	-5	2
4	-3	2
2	2	2
17	2	1
16	2	1
16	34	1
5	-5	2
38	4	1
6	-4	1
2	-7	1
9	-1	1
16	20	1
1	3	1
1	-6	3
16	-12	1
3	-5	2
7	0	2
6	-12	1
1	1	2
10	-11	1
56	25	1
10	1	2
7	-1	2
8	-11	1
4	-6	1
42	14	1
15	2	1
1	-7	1
3	-8	1
11	1	1
47	4	1
4	-8	1
3	2	1
14	2	1
11	16	1
14	-7	1
35	3	1
