0	0	10
4	-3	5
0	-6	4
4	0	8
7	-1	2
2	-5	2
10	-4	1
5	-5	5
1	-4	7
5	-4	4
6	-4	4
1	-7	2
5	0	15
4	-1	7
6	0	3
3	0	13
3	1	6
2	-2	9
1	0	3
24	1	1
0	2	4
1	-10	1
4	2	8
2	0	14
4	-7	1
4	-2	3
8	-1	1
34	3	12
1	1	2
2	-1	10
0	-5	6
1	-2	11
3	-12	1
6	-3	2
4	-4	1
5	-2	8
3	-2	13
0	1	3
0	-1	3
7	-4	1
5	1	2
2	-3	3
19	35	1
31	-3	1
0	-9	1
30	-1	1
12	24	1
0	-8	1
4	-5	1
2	2	1
8	1	1
1	-11	3
18	2	1
8	-3	1
6	-2	1
5	-1	4
2	-4	5
3	-6	1
1	-1	6
7	0	3
1	-3	3
3	-9	1
13	2	1
0	-2	10
1	-5	2
3	-1	12
9	-10	1
2	-6	1
13	1	1
0	-3	2
22	3	1
15	25	1
71	49	1
6	30	1
12	1	1
7	-2	2
29	0	1
3	3	3
0	-4	5
2	-11	1
3	-4	1
3	2	1
11	21	1
31	0	1
0	-7	1
5	-8	1
17	2	1
6	1	1
6	-6	1
4	1	1
33	-19	1
42	8	1
11	1	1
2	-10	1
1	-9	4
8	0	1
122	69	1
6	-8	1
2	1	3
2	-13	1
4	3	1
0	-10	1
5	-3	1
13	-4	1
9	0	1
1	3	1
9	-1	1
47	18	1
10	20	1
11	22	1
85	71	1
5	-6	1
5	2	1
10	-6	1
28	0	1
11	-5	1
12	-5	1
3	-3	1
3	-5	1
