0	-5	5
4	0	10
5	-2	12
4	-3	3
8	-2	1
0	0	8
5	-4	4
4	2	8
3	-4	2
5	-5	4
5	0	15
2	-1	7
6	0	5
4	1	5
1	0	10
24	0	1
0	2	5
2	-5	3
3	-1	13
4	-1	5
5	-7	1
3	-2	7
3	0	14
6	-4	4
7	0	2
7	-1	4
34	3	13
1	-8	2
2	-4	7
1	-5	3
6	-12	1
2	0	14
2	2	4
5	-1	4
3	-3	1
1	-6	3
7	-11	1
0	-4	6
3	2	1
22	-10	1
0	-2	9
0	-7	5
1	-2	9
1	-1	7
13	2	1
5	2	3
1	2	2
25	0	1
6	-5	2
2	1	7
1	-4	3
0	-1	3
3	-6	1
0	-6	5
9	-3	1
1	-3	4
4	-6	1
2	-6	1
4	-2	3
7	-2	1
19	3	1
2	-3	3
0	-9	1
0	1	1
6	-2	3
9	-10	1
1	1	3
4	-4	3
11	17	1
63	37	1
11	23	1
10	-4	1
18	3	1
0	3	1
1	-7	1
0	-11	2
5	1	3
2	-2	8
10	1	1
15	26	1
40	8	1
5	-3	1
36	2	1
6	-13	1
3	1	3
1	-9	2
0	-3	4
1	-14	1
31	-18	1
40	7	1
28	0	1
0	-8	1
1	-13	1
2	-7	1
25	-19	1
2	3	1
10	11	1
11	16	1
93	71	1
14	2	1
11	-4	1
14	-2	1
6	-3	1
