3	-3	3
0	-5	8
4	0	10
7	-2	2
3	-4	4
1	0	6
5	-4	8
2	-4	2
34	3	10
4	2	9
5	-5	5
5	0	17
4	-1	7
6	0	1
3	1	4
2	-2	15
0	2	4
1	-10	3
7	0	4
4	-7	1
1	-2	11
3	-1	7
4	-2	4
6	-5	1
3	3	3
7	-1	3
1	-8	3
1	1	2
1	-4	4
1	-3	4
4	-11	1
6	-1	1
4	-5	1
3	-2	7
0	-6	3
0	1	2
1	-6	1
1	-1	5
7	-5	1
5	1	6
2	0	18
30	-5	1
2	-1	8
0	0	7
31	-4	1
22	2	1
0	8	1
0	-8	1
5	-6	3
2	1	3
2	-10	2
20	3	1
9	-3	1
5	-2	5
3	-5	5
2	-6	1
4	-4	1
0	-2	12
8	0	3
10	1	2
0	-1	6
3	-6	1
5	-3	5
1	-5	2
9	-10	1
2	-5	4
0	-3	6
3	0	9
4	-3	4
12	24	1
67	45	1
7	30	1
6	1	1
26	0	1
1	3	2
2	-8	1
2	-12	2
3	2	1
5	2	1
11	24	1
34	1	1
6	-9	1
6	-2	1
2	-11	1
1	-7	2
0	-4	2
35	3	1
6	-4	2
4	1	2
1	-12	1
4	-12	1
42	7	1
0	-7	2
17	2	1
2	-3	2
1	-9	2
2	2	3
122	69	1
2	-15	1
0	-10	1
5	-1	1
11	-8	1
49	20	1
0	3	1
11	18	1
12	19	1
23	2	1
11	-4	1
8	-4	1
13	-3	1
