1	-9	3
0	-1	5
5	-4	8
3	0	18
1	-11	1
3	-4	4
8	-12	1
4	2	5
2	0	20
3	-1	12
0	0	7
4	0	6
5	0	15
2	3	3
34	3	2
1	0	10
1	-2	11
5	-1	8
0	-4	3
3	1	3
5	-3	5
2	-4	7
2	-12	1
0	-7	3
6	0	3
4	-1	8
4	-2	8
1	-4	1
0	-3	4
5	-2	6
0	-2	12
30	0	1
1	-3	7
1	-12	1
1	-6	3
0	1	2
0	-6	5
16	2	1
2	-6	2
4	-3	5
2	-1	8
0	-8	2
3	-2	6
4	-5	2
3	-5	4
2	-2	9
32	1	2
9	-1	2
7	0	2
3	-6	1
2	2	1
2	-3	1
2	1	8
35	3	2
3	-13	1
47	18	1
5	2	3
5	-5	3
6	-4	2
41	10	2
34	4	1
3	-3	2
1	2	1
46	18	1
6	-5	2
29	0	1
7	-1	2
1	-1	2
6	-1	1
8	3	1
0	-5	3
2	-15	1
35	2	3
14	33	1
26	0	1
6	-3	2
5	-6	3
20	3	1
18	24	1
1	-14	1
4	1	4
7	-11	1
2	-13	1
10	1	1
18	3	1
7	6	1
29	-6	1
5	1	1
55	24	1
1	3	1
3	2	1
49	20	1
6	-2	1
2	-7	1
0	3	1
7	-15	1
15	2	1
1	-5	1
8	-2	1
3	3	1
51	7	1
1	-8	1
2	-9	1
29	16	1
14	-7	1
1	-13	1
