7	0	3
3	0	16
1	-7	2
1	-8	2
5	-2	6
0	-8	2
2	-4	6
7	-11	1
0	-7	3
5	-4	5
5	0	9
4	2	8
3	-1	7
5	1	2
1	0	6
35	3	1
0	2	2
2	-8	1
2	-2	6
5	2	4
2	-6	1
4	1	4
3	-4	5
5	-3	3
4	0	8
6	-2	5
34	3	8
2	-7	3
1	-2	3
24	1	2
2	0	11
2	1	3
2	-11	2
4	-2	3
1	2	6
2	-1	6
3	2	2
7	-1	2
1	-6	1
2	-5	2
0	-4	2
3	-2	10
11	18	1
0	-1	5
0	-2	9
9	-5	1
1	-4	3
0	0	5
15	-13	2
5	-1	5
6	-6	1
11	-7	1
1	1	4
4	-4	1
2	-15	1
1	-10	2
3	-5	3
1	-3	5
6	-3	1
0	-3	3
2	3	1
3	1	2
24	0	1
6	-4	2
1	-12	1
11	24	1
96	61	1
6	0	2
11	21	1
7	3	1
28	0	1
4	-1	6
1	-9	4
4	-5	1
0	-9	1
12	5	1
1	-1	2
1	-13	1
3	-10	1
14	19	1
1	-5	1
31	0	1
0	-6	2
6	1	1
3	-3	4
2	-12	1
0	-5	6
47	18	1
2	-3	1
14	2	2
5	-6	2
29	0	1
11	-5	1
4	-6	1
108	61	1
18	-12	1
11	1	1
7	-2	1
7	-6	1
9	-12	1
0	1	1
13	22	1
12	1	1
68	46	1
6	3	1
25	0	1
14	-7	1
11	-8	1
1	-11	1
