2	1	6
0	-2	10
1	-16	1
5	-6	3
1	-10	1
4	1	3
1	-15	1
4	-1	4
5	0	19
4	2	10
27	-14	1
1	0	9
4	0	12
4	-6	1
3	0	13
2	0	16
5	2	1
2	-1	6
1	-4	3
4	-2	5
0	-4	2
0	-11	1
2	-2	5
5	-2	4
3	-6	2
2	-5	5
34	3	9
2	-7	2
0	2	2
8	-7	1
6	0	6
1	-2	7
0	-1	8
0	-8	2
6	-1	1
2	-3	4
7	-1	3
3	-1	9
5	-3	1
3	1	4
7	0	2
7	-2	1
0	-5	3
6	-2	3
0	0	5
3	-2	13
3	-5	5
11	-3	1
1	-11	2
0	-3	4
2	-4	5
6	-8	1
9	-3	2
2	-8	1
35	2	1
4	-5	1
3	-4	2
1	2	1
91	60	1
15	2	1
9	0	1
31	0	1
3	-3	4
0	-7	1
14	2	1
1	-1	4
2	-9	1
1	-6	2
35	14	1
0	-13	1
6	6	1
9	-4	1
34	1	1
8	0	2
4	-4	1
0	-6	1
2	-10	1
2	-11	1
5	-1	3
17	20	1
16	2	1
5	-4	2
83	67	1
6	-5	1
0	1	1
3	3	3
2	-6	1
6	2	1
1	-13	1
2	2	1
10	-6	1
1	-3	2
11	23	1
39	7	1
1	1	1
11	16	1
4	-3	1
1	-7	1
5	1	1
14	-7	1
22	2	1
