0	-16	1
3	-5	2
3	0	13
4	-9	1
2	-4	9
1	-15	2
4	0	9
28	-18	1
1	-1	5
3	-1	12
5	0	19
3	3	2
5	-6	2
2	0	19
0	-2	11
5	2	2
1	1	1
0	-5	4
3	-2	12
1	-10	2
5	-3	3
2	-5	2
0	1	2
3	-7	1
34	3	12
2	-7	1
1	2	4
9	-5	1
0	-9	1
6	-1	1
3	-3	3
7	0	2
4	2	6
1	-2	4
6	-2	6
6	0	2
34	-18	1
5	-5	2
3	1	6
5	-1	2
1	-9	1
0	-6	2
2	-2	7
4	1	4
0	0	9
3	-6	2
0	2	2
2	-6	4
0	-1	7
4	-2	7
33	1	1
4	-1	3
11	-3	1
1	0	3
31	1	1
5	-7	1
2	-1	3
2	-9	1
1	-3	1
1	-4	8
5	-4	4
3	2	4
96	63	1
2	1	6
11	2	1
8	-2	1
0	-7	3
25	0	1
2	2	1
0	-3	2
5	-2	5
36	15	1
1	-5	1
4	-5	2
3	-4	1
23	2	1
4	-6	2
2	-10	1
6	1	2
1	3	1
4	-12	1
0	-4	3
11	17	1
30	0	1
17	2	1
8	0	1
4	-4	1
7	-5	1
7	-1	1
6	-7	1
35	2	1
1	-11	2
4	3	1
49	17	1
14	-7	2
4	-3	1
8	24	1
45	17	1
6	6	1
2	-3	1
2	-8	1
13	2	1
