0	0	8
3	-2	7
0	-5	7
4	0	10
7	-2	2
3	-4	7
9	-3	2
5	-4	7
2	-4	5
34	3	14
4	2	10
5	-6	3
5	0	17
3	-1	6
6	0	3
1	-1	4
1	0	8
24	0	1
0	2	2
1	-8	3
5	-1	3
3	0	17
1	-3	9
4	-3	4
6	-4	1
7	-1	3
34	4	1
1	-4	5
5	-11	1
6	-5	3
4	-1	2
1	-13	1
6	-1	2
3	-5	3
4	-2	6
0	-6	1
1	-6	2
2	-2	12
5	-5	2
5	1	2
12	1	1
2	0	18
1	-2	10
4	1	4
27	-7	1
2	-1	5
30	-5	1
19	3	2
34	1	1
1	-7	2
5	-3	3
4	-4	4
2	2	3
3	1	2
2	-9	1
26	0	1
0	-1	4
13	2	1
5	-2	7
4	4	2
4	-5	1
1	-10	1
0	-2	14
7	0	5
1	-5	2
0	-3	3
0	1	1
9	-10	1
0	-7	3
2	1	5
0	-4	2
15	2	1
27	0	1
11	23	1
66	42	1
8	-3	1
24	1	1
1	2	1
2	-8	1
0	-8	2
3	-3	1
3	2	1
5	2	1
13	25	1
37	4	1
6	-2	1
4	3	1
2	-10	1
11	1	1
6	-6	1
1	-9	3
1	-14	1
3	-13	1
3	3	1
2	-5	2
31	-18	1
41	7	1
2	-6	1
1	1	2
2	-15	1
11	-8	1
1	3	2
6	2	1
11	16	2
2	-3	1
20	3	1
11	-4	1
14	-2	1
6	-3	1
