2	0	20
0	-1	12
1	-8	2
5	-6	2
5	-3	6
2	-1	10
3	0	8
2	-10	2
3	-4	4
11	-12	1
1	-2	13
4	2	8
24	-19	1
3	-1	13
4	0	13
5	0	12
2	3	3
6	-2	3
0	-4	2
2	1	5
2	-12	1
0	-6	7
9	0	2
4	-2	7
1	0	8
1	-3	2
0	0	6
0	-2	13
1	-7	3
6	-3	2
31	-2	1
1	-10	1
2	-6	3
0	2	1
4	1	3
10	0	1
3	-3	5
5	-4	8
2	-2	5
1	-9	3
6	0	5
1	-5	2
4	-1	2
5	-2	6
4	-3	4
3	1	4
6	-4	3
2	-3	5
35	3	1
29	0	1
9	-4	1
7	0	4
5	-1	6
4	-4	1
5	2	2
1	-6	2
34	1	3
2	-4	6
2	-13	2
50	20	1
3	-6	1
43	15	2
3	-2	5
0	-3	2
3	-13	1
5	-5	3
32	1	1
1	2	2
44	16	1
6	-5	1
26	0	1
7	-1	2
6	-1	2
8	2	1
31	1	1
2	-14	1
30	0	1
1	1	3
15	33	1
22	3	1
23	2	1
0	-8	1
18	24	1
11	1	2
1	-13	1
0	-7	2
9	-12	1
15	2	1
5	5	1
25	-9	1
52	29	1
4	3	1
34	3	1
6	2	1
3	3	1
1	-1	1
46	18	1
4	-6	1
7	-2	2
2	-8	1
35	2	1
10	1	1
7	-15	1
5	1	1
1	-4	2
3	-5	1
1	3	1
2	-9	1
26	17	1
14	-7	1
