0	-1	3
5	-1	2
0	-5	7
2	0	11
4	0	8
3	-2	10
4	-2	10
0	0	6
5	-6	4
2	-4	6
34	3	15
4	-4	3
5	0	16
2	-3	3
3	0	18
7	0	4
4	1	5
1	1	4
24	2	1
0	2	5
2	-2	13
3	1	3
4	2	7
3	-1	15
4	-1	6
0	-6	4
6	-4	3
6	0	4
6	-3	7
0	-8	3
1	0	7
5	-4	6
0	-4	6
2	-12	1
0	-2	11
1	-12	2
2	1	4
7	-1	3
0	-7	4
11	-12	1
1	-1	2
2	-6	5
14	-10	1
0	-3	6
16	2	1
16	-11	1
8	0	1
7	1	1
20	3	1
1	-2	3
1	-4	3
3	2	2
8	-2	1
1	-3	3
5	-2	5
3	-6	1
27	0	1
11	19	1
1	2	3
1	-6	2
8	-10	1
1	-8	2
3	-3	4
3	-4	3
2	-1	6
33	1	2
10	14	2
60	29	1
11	17	1
4	3	1
11	-4	2
9	0	1
0	3	1
6	-5	1
2	-11	1
6	-2	4
13	1	1
15	26	1
10	1	1
41	9	1
5	-14	1
6	-6	1
5	1	3
1	-15	1
3	-5	2
1	-5	1
0	1	4
5	-5	2
1	-9	1
2	3	1
2	-8	1
18	-15	1
12	-5	1
11	-8	1
2	2	1
62	32	1
4	4	1
11	16	1
6	-1	1
9	-6	1
13	-4	1
