0	-1	6
0	-10	2
3	0	11
3	-3	5
1	-7	6
0	-4	2
5	-3	1
4	2	13
5	-6	3
1	-10	3
5	-5	1
5	0	13
3	-1	9
5	2	2
2	0	14
4	-1	6
1	0	6
0	2	2
1	-15	1
2	-10	6
7	0	5
4	1	3
5	-4	3
4	0	5
2	-4	8
5	-2	6
10	1	1
8	-1	1
34	3	10
2	-8	1
3	1	5
2	1	6
0	0	4
1	-13	1
1	2	3
3	3	4
2	-2	10
7	-1	3
9	-12	1
3	-4	2
4	-3	4
2	-1	9
1	-1	6
1	-4	4
3	-5	6
0	-2	13
15	27	1
2	-6	3
1	-3	7
3	-2	8
6	1	1
1	-11	1
8	-3	1
4	-2	4
0	-5	7
1	-2	3
2	-12	2
7	-5	1
13	-9	1
6	-2	3
2	-5	6
6	-4	3
10	-9	2
6	0	1
0	-3	7
32	1	1
0	-7	2
30	0	1
1	-9	2
15	26	1
85	59	1
6	30	1
1	1	2
2	-3	2
34	4	1
14	2	1
5	-1	2
9	6	1
3	-12	1
7	6	1
17	2	1
3	-6	1
9	10	1
3	2	2
0	-6	2
2	-7	3
5	1	2
2	-9	1
6	-6	1
15	2	1
1	-5	1
1	-12	1
14	-13	1
0	1	1
6	-1	1
5	-8	1
0	-8	2
19	-16	1
11	-6	1
8	-11	1
9	-1	1
6	-7	1
13	22	1
4	-4	1
27	0	1
4	33	1
79	56	1
1	-6	1
1	3	1
35	3	1
12	-5	1
11	-8	1
