0	-1	6
6	-4	2
0	-9	1
3	0	6
1	-7	4
10	-5	1
5	-4	2
0	-7	2
5	-2	6
5	-6	3
2	-10	5
5	0	6
15	32	1
4	-1	8
5	1	4
3	-2	13
3	1	5
3	-1	8
1	0	7
31	1	1
2	-2	11
4	2	10
7	0	4
4	1	5
5	-5	1
3	-3	5
4	0	5
2	-4	5
8	0	1
34	3	9
2	-8	3
2	1	6
5	-3	4
34	4	1
1	-5	5
3	-4	3
1	2	5
3	3	4
7	-2	2
7	-11	1
4	-3	3
1	-2	8
1	-1	1
1	-4	1
0	-4	5
0	-6	4
2	-3	6
16	28	1
0	-2	13
2	-7	2
2	0	12
0	0	8
7	-1	3
6	1	1
4	-2	6
7	1	1
2	-12	3
6	-5	3
10	-6	1
6	-2	2
3	-7	1
11	-7	1
6	0	3
2	-5	5
26	0	1
3	-5	3
0	-3	4
4	-5	1
10	-10	1
4	3	1
1	-3	3
27	0	1
1	1	3
6	-3	1
15	26	1
82	59	1
6	29	1
5	-1	5
29	0	1
11	1	1
1	-6	2
1	-9	1
1	-10	2
7	6	1
20	3	1
3	-6	1
2	-1	5
6	6	1
2	-6	2
2	-9	1
0	-5	3
31	0	1
5	2	1
9	0	2
1	-12	1
8	-2	1
121	67	1
2	2	1
12	-12	1
0	2	1
0	1	3
22	-17	1
7	-6	1
39	7	1
12	22	1
33	1	1
5	33	1
0	3	1
12	-6	1
11	-5	1
11	-8	1
