0	2	2
3	0	21
1	-12	2
3	-6	2
6	-1	1
1	-1	4
5	-4	6
2	0	24
3	-2	11
6	-7	1
4	2	9
27	-15	1
0	0	8
4	0	5
4	-3	3
2	1	4
26	0	2
2	-2	5
0	-3	2
5	1	2
5	0	18
1	-6	1
2	-10	2
4	-2	13
5	-1	6
0	-6	4
1	1	2
4	-1	10
0	-5	8
13	2	1
1	-2	9
3	-4	2
2	-1	10
4	-13	1
5	-2	7
0	-7	3
0	-8	1
4	1	6
24	1	1
3	-3	6
6	-2	2
1	-4	3
0	-4	2
7	0	5
3	-5	2
4	-5	2
0	-2	11
0	-1	6
1	-3	7
0	1	4
2	3	1
4	-4	3
34	4	1
2	-4	3
4	-12	1
41	9	1
1	0	6
15	2	2
2	-12	1
36	3	2
34	1	1
5	-3	1
35	2	1
1	2	2
56	25	1
16	2	1
9	-2	1
34	3	1
2	2	2
6	0	3
7	-1	1
2	-5	2
6	-3	4
3	-1	7
6	3	1
31	1	1
2	-16	1
16	28	1
35	1	1
1	-9	1
5	-5	1
7	-5	1
12	20	1
11	1	1
17	22	1
1	-15	1
7	-6	1
1	-7	2
7	-4	1
2	-11	1
22	3	1
30	0	1
11	18	1
31	0	1
45	17	1
53	26	1
6	-5	1
3	3	2
21	3	1
1	3	1
58	27	1
6	-4	1
35	3	1
0	3	1
3	-15	1
37	4	1
2	-6	1
8	-1	1
42	0	1
1	-11	1
31	16	1
5	-6	1
14	-7	1
14	2	1
