0	-2	11
3	0	15
5	0	10
9	-4	1
0	-5	6
5	-3	3
1	-7	4
4	2	13
5	-1	8
5	-6	2
0	-10	2
2	-1	10
2	-4	13
4	-1	7
1	0	8
35	3	3
0	2	3
1	-15	1
2	-2	4
7	0	4
4	1	3
5	-4	5
5	-2	3
2	1	9
4	0	5
4	-2	5
13	2	1
8	-1	1
34	3	12
2	0	12
35	2	3
1	-2	7
0	1	1
1	-3	4
0	0	4
1	-11	2
1	3	2
3	2	3
11	-12	1
3	-5	7
4	-3	5
3	-2	9
0	-3	11
2	-5	4
14	25	1
1	-1	3
6	0	5
6	1	2
9	-5	2
1	1	2
2	-12	2
8	-4	1
2	-3	4
6	-4	2
15	-11	1
6	-5	1
11	-9	1
0	-1	3
3	-6	3
10	-8	1
0	-6	3
33	1	2
3	1	3
1	-10	2
15	26	1
88	60	1
6	30	1
5	1	1
17	2	1
1	-4	1
1	-8	3
10	5	1
3	-1	3
3	-12	1
2	2	2
14	2	1
2	-10	2
10	13	1
7	-1	2
6	-2	1
2	-6	2
0	-4	2
0	-7	2
6	-3	2
4	-5	1
2	-8	1
3	-3	2
3	3	2
6	-9	1
37	4	1
57	26	1
18	3	1
1	-5	1
1	-12	1
0	-9	1
15	-12	1
9	0	1
1	2	2
5	-8	1
1	-9	1
17	-14	1
9	-2	1
5	-7	1
0	-8	1
4	-4	1
24	1	1
4	33	1
77	54	1
2	3	1
13	-6	1
5	2	1
11	-8	1
