1	-5	4
5	-5	3
2	-2	4
3	-1	12
3	-2	15
2	0	22
0	-10	1
1	-2	16
18	-15	1
1	-4	3
18	-14	1
6	0	5
1	0	7
4	0	10
0	-3	4
0	-1	5
5	-1	8
5	-4	6
2	-12	2
20	3	1
3	-5	5
3	-4	4
2	-1	9
2	-4	7
0	-2	12
2	-3	5
26	-8	1
1	-7	1
5	0	23
0	1	2
1	-1	4
4	2	6
0	0	8
2	-6	6
0	-5	3
4	-2	6
3	0	13
6	-3	2
30	0	1
4	-4	3
1	-3	2
32	1	1
26	0	1
4	-3	6
15	2	3
2	1	4
13	-8	1
1	-6	3
5	-2	7
0	-6	5
25	0	2
10	1	2
1	-11	1
59	28	1
18	3	1
7	0	4
6	-1	1
1	-8	2
5	-3	4
50	21	1
0	-4	3
2	-10	1
6	-4	2
37	-3	1
39	7	1
52	22	1
19	1	1
3	2	3
34	3	2
6	1	1
5	2	3
22	3	1
16	34	1
6	-2	3
4	-1	2
5	1	1
2	2	1
3	1	5
35	2	1
17	21	1
2	-11	1
2	-5	1
5	-6	2
4	1	3
14	-12	1
3	-12	1
13	-11	1
2	-7	1
2	3	2
16	2	2
6	-11	1
40	8	2
3	-6	1
7	-2	1
0	-7	1
2	-8	2
21	3	1
4	-8	1
0	-9	1
23	2	1
14	19	1
14	-7	1
7	-1	1
1	-12	1
