1	3	2
3	-1	7
1	-13	2
6	-1	2
1	0	9
5	-4	2
2	0	24
1	-14	1
4	-1	7
5	-6	2
11	1	1
4	2	6
0	1	3
0	-2	12
3	-3	3
3	0	19
21	3	2
2	-2	9
1	-1	2
4	1	2
5	0	13
1	-7	1
1	-10	1
5	-3	3
0	-6	5
3	1	7
2	1	4
19	3	1
3	-5	4
1	-12	1
4	-12	2
4	-3	3
2	-10	1
0	-1	4
32	1	3
0	-3	2
2	-1	9
5	-2	6
7	0	6
0	-5	4
1	-2	14
5	-5	3
0	-7	3
4	0	8
4	-6	1
6	-2	4
5	-1	6
2	-6	1
2	-3	1
2	-4	6
2	2	3
0	-8	1
34	3	3
3	-13	1
37	4	1
0	-4	5
4	-4	5
2	-12	1
28	0	1
1	-3	4
27	0	1
1	2	2
62	32	1
8	0	1
1	1	1
8	2	1
2	-7	2
0	0	5
2	-5	2
3	-2	5
1	-5	1
4	-2	6
31	1	1
2	-14	1
12	24	1
10	1	1
2	3	1
3	-9	1
6	-5	2
7	-5	1
12	25	1
1	-4	2
5	1	2
1	-8	2
16	19	1
17	20	1
3	-4	2
6	-10	2
30	0	1
35	3	1
15	19	1
41	13	1
54	23	1
5	2	1
37	2	1
15	2	1
1	-9	1
61	32	1
0	2	2
29	0	1
41	12	1
36	-3	1
24	1	1
33	1	1
31	16	1
14	-7	1
23	2	1
6	0	1
