0	-4	3
0	-5	4
6	-3	4
1	-2	11
3	-1	11
3	-2	9
2	0	26
0	-10	1
0	-1	4
19	-17	1
1	-4	6
15	-13	1
6	0	7
1	0	5
3	0	18
10	-4	1
4	-1	3
5	-4	3
2	-12	1
2	-1	7
4	0	14
2	-6	4
26	0	1
0	-2	11
1	-3	3
3	-4	4
2	-2	9
23	-10	1
0	-7	1
5	-1	9
2	-5	2
4	2	4
5	-2	5
0	0	6
2	-11	2
5	0	13
4	-2	7
3	-3	5
27	0	1
3	1	5
41	9	1
29	0	1
23	2	1
2	1	3
13	-9	1
35	3	1
3	3	2
20	3	3
34	3	4
7	0	3
1	-10	1
61	30	1
5	-3	3
21	3	1
18	3	3
2	-3	4
6	-1	2
1	-9	1
3	-5	4
0	-8	1
53	22	1
6	-6	1
39	-1	1
1	2	2
37	4	2
0	-3	5
6	-5	1
55	24	1
18	1	1
5	1	3
4	-4	1
6	-2	2
2	-7	2
6	-4	3
4	-3	1
9	-1	1
9	0	1
0	-6	3
19	3	1
1	-1	4
16	34	1
5	-5	1
2	2	1
4	1	2
3	-6	2
8	0	2
17	21	1
0	1	2
1	-6	2
5	-6	1
16	-12	1
1	1	2
11	-11	1
56	25	1
2	-4	1
5	2	1
2	3	2
7	-11	1
39	6	1
4	-6	1
7	-1	2
35	2	1
2	-8	1
41	11	1
13	2	1
1	-5	1
1	-8	1
3	-8	1
4	-8	1
11	19	1
14	-7	1
1	-11	1
