0	-5	6
3	-2	18
0	-2	11
4	-1	7
2	-2	4
0	-7	2
0	-1	10
2	-4	5
4	2	7
10	-12	1
6	0	3
2	-1	15
2	0	23
5	1	2
12	1	2
1	-2	3
0	-3	4
5	-5	1
2	-12	1
1	0	2
1	-7	1
4	-3	6
5	-4	4
15	-11	1
0	-6	3
6	-3	1
1	-5	2
6	-2	2
2	-5	1
1	-3	4
5	-2	8
3	-1	9
1	1	2
3	-10	1
3	-4	3
0	0	3
1	-1	3
26	0	1
4	-2	5
42	14	1
3	0	10
15	2	1
5	0	16
9	-1	1
4	-4	2
3	1	4
13	-10	1
32	1	1
2	1	5
4	1	2
14	2	3
31	0	1
1	-8	2
61	30	1
5	-3	3
24	1	1
29	0	1
1	-10	1
59	28	2
33	1	2
44	1	1
36	3	1
2	2	5
30	0	1
2	-3	1
7	-2	1
7	-5	2
7	0	3
4	0	7
6	-1	2
9	0	2
2	-10	1
10	1	1
5	2	1
16	34	1
6	-5	1
6	-4	1
3	-3	2
14	19	1
1	2	1
16	-12	1
3	-5	2
7	-11	1
8	-11	1
34	1	1
56	25	1
13	2	1
9	-11	1
4	-5	1
7	-1	1
45	17	1
1	-13	1
1	-4	1
2	-8	1
43	1	1
5	-7	1
3	-7	1
3	2	1
5	-1	1
34	3	1
0	-4	1
10	13	1
14	-7	1
1	-6	1
35	1	1
