2	1	5
0	-2	8
1	-14	1
5	-6	2
4	1	4
4	-2	8
5	0	16
4	2	9
25	-12	1
1	0	8
0	0	6
7	0	3
3	-6	3
3	0	15
2	-2	9
4	0	10
0	-4	2
1	-4	3
0	-3	7
6	-3	2
2	-9	1
5	-3	2
3	1	4
2	-5	5
34	3	7
3	-1	13
2	-7	1
0	2	2
12	1	1
0	-8	1
2	-6	2
6	-1	1
2	-4	6
6	-2	2
0	-1	10
6	0	5
5	-2	6
5	-1	5
5	-5	2
4	-3	2
8	-2	1
0	-6	2
4	-1	5
1	-1	5
1	-3	6
7	1	1
2	0	12
10	-4	1
1	-10	1
1	-12	1
5	-7	1
19	3	2
2	-1	5
3	-3	3
32	1	1
3	-5	2
1	1	2
1	2	5
3	-2	9
5	-4	1
10	1	1
88	60	1
18	3	1
9	-3	1
28	0	1
11	1	1
0	-5	2
7	-2	1
1	-6	1
1	-2	5
29	16	1
2	-3	1
6	-4	1
0	-12	1
10	11	1
9	-5	1
31	0	1
3	-4	1
0	-7	1
2	-10	1
1	-8	2
1	-11	1
17	21	1
1	-7	2
82	64	1
3	3	3
9	0	1
1	-13	1
8	-4	1
36	2	1
1	3	1
11	17	1
14	-7	1
25	0	1
