1	-2	2
0	-15	1
3	0	16
1	-9	2
0	-11	1
5	0	14
1	-3	2
4	2	7
12	-12	1
3	-3	6
4	1	4
1	-5	6
2	-2	8
5	2	1
1	0	7
35	2	2
0	-14	1
1	-8	1
3	-1	12
4	0	12
3	-7	2
3	-2	8
4	-4	3
0	-8	1
2	-4	4
4	-2	3
34	3	8
1	-1	4
18	3	1
2	1	4
1	2	4
0	-7	1
3	1	5
0	1	3
0	-4	6
2	-9	3
5	-3	4
5	-2	7
3	-6	1
0	-3	2
0	-5	5
10	12	1
5	-1	2
2	0	9
30	0	1
0	-2	11
6	0	5
0	-1	3
9	-4	1
15	-11	1
6	-1	1
2	-1	3
9	-3	1
5	-4	8
0	2	2
4	-3	2
2	-17	1
35	3	2
1	-4	3
6	-10	1
4	-5	3
0	-6	4
16	2	1
6	-4	1
1	-15	1
12	20	1
96	64	1
8	3	1
6	-3	1
10	5	1
2	-14	1
1	1	1
20	18	1
6	1	2
4	-1	2
2	-11	1
25	0	1
2	-10	3
3	-4	1
6	-2	1
3	-5	2
3	2	1
11	-12	1
2	-3	1
20	3	1
5	-6	1
2	-5	1
10	-5	1
17	-12	1
19	3	2
13	3	1
0	0	1
7	-2	2
5	-10	1
6	-6	1
6	-8	1
2	-12	1
1	-10	1
5	-5	2
1	-7	1
5	1	1
7	1	1
63	38	1
17	2	1
14	-7	1
1	-11	1
2	3	1
