5	0	21
0	-16	1
3	0	13
1	-10	1
2	-10	4
3	-3	3
0	-13	1
0	-3	1
4	2	6
14	-13	1
2	-1	9
6	-2	3
12	20	1
4	-3	6
4	0	14
0	-2	8
5	2	1
34	3	14
0	2	3
1	-8	4
3	-1	7
2	0	10
3	-8	1
4	1	5
3	-2	18
7	0	3
5	-2	7
1	0	7
15	2	1
2	2	3
2	-12	1
4	-1	4
0	-7	2
0	0	5
1	-4	1
1	-3	3
1	-5	3
0	-6	5
2	-2	6
1	-2	3
9	8	1
5	-1	3
2	-4	4
3	-4	3
27	0	1
1	-1	6
9	-1	2
0	-5	3
13	-10	1
0	-1	4
3	2	3
5	-5	3
1	1	4
1	-6	1
6	-8	1
5	-4	4
4	3	1
13	2	1
6	-3	3
5	-3	3
1	-15	1
2	1	4
11	17	1
1	2	3
97	64	1
6	0	2
9	2	1
4	-4	2
4	-2	1
34	4	1
2	-9	2
9	6	1
3	1	2
1	-14	1
23	17	1
0	-4	4
7	-2	2
1	-11	1
2	-3	2
6	6	1
1	-9	2
8	-12	1
23	2	1
5	-6	1
4	-5	1
9	-4	1
99	61	1
16	-12	1
22	2	1
6	-6	2
2	-11	1
5	1	2
36	3	1
10	-5	1
16	2	1
13	22	1
6	-5	1
63	36	1
12	-5	1
14	2	1
14	-7	1
1	3	1
3	-5	1
