0	3	1
1	-13	2
6	0	3
1	-1	7
5	-4	4
2	0	25
4	-1	10
6	-6	2
5	0	19
4	2	6
1	1	5
0	-1	3
4	0	10
4	-3	3
2	1	6
24	1	2
0	0	4
2	-2	5
3	-1	7
0	-3	9
1	-6	1
1	-10	2
4	-2	12
5	-2	7
0	-6	3
3	0	21
1	2	3
0	-5	5
16	2	1
1	-2	8
3	-5	4
1	-12	1
4	-13	1
1	-8	1
3	-2	8
0	-7	6
3	2	1
27	0	1
2	-1	6
7	-1	2
7	0	5
4	-5	1
4	-6	1
1	-3	6
6	-2	2
0	-2	9
20	3	1
35	3	3
0	1	1
5	-3	3
3	-4	2
2	3	2
3	1	2
2	-8	1
0	-8	1
34	4	1
4	-12	1
39	7	1
1	-4	3
18	2	1
5	-6	1
2	-12	1
4	1	4
35	2	1
2	-3	2
4	-4	4
30	0	1
60	29	2
19	3	1
8	0	1
7	2	1
2	-6	2
1	-5	1
0	-4	2
5	3	1
31	1	1
2	-15	1
15	25	1
34	3	3
5	-1	4
2	-9	1
1	0	5
6	-5	3
7	-5	2
5	1	2
11	23	1
1	3	2
2	-10	1
17	20	1
15	19	1
5	2	1
6	-3	1
2	-5	2
4	-10	1
33	1	1
13	20	1
34	1	1
43	15	1
54	25	1
3	3	1
18	3	2
1	-11	2
0	2	3
3	-3	1
26	0	1
41	9	1
29	0	1
9	-1	1
38	-2	1
31	16	1
3	-12	1
14	-7	1
1	-7	1
17	2	1
