5	-3	3
0	-7	5
3	0	16
4	0	8
7	-1	3
2	-5	3
11	-4	1
0	-1	6
5	-5	3
0	-5	9
6	-5	2
1	-9	3
5	0	12
2	2	5
2	-1	10
1	0	6
24	1	1
0	2	5
2	-9	1
4	2	9
2	0	12
7	0	8
5	-7	1
1	-2	11
4	-2	12
6	-3	3
8	-1	1
34	3	12
2	-8	2
2	-12	2
5	-2	10
2	1	6
4	-4	2
1	-13	2
3	1	1
4	1	4
5	-6	3
1	-5	4
0	0	6
7	-4	1
5	1	2
2	-4	6
5	-4	2
3	-2	9
2	-2	16
17	32	1
6	0	2
33	1	1
27	0	1
6	1	2
1	-8	2
5	-1	4
3	-5	2
8	2	1
1	1	2
1	-11	1
15	2	2
0	-4	4
6	-2	3
3	-4	3
3	-6	1
1	-1	9
9	-1	1
3	-1	9
1	2	3
0	-2	6
3	-9	1
18	3	1
3	2	2
4	-3	3
9	-10	1
16	2	1
0	-3	3
19	3	1
15	26	1
6	29	1
0	1	2
32	1	1
2	-7	1
11	18	1
28	0	1
2	-3	3
1	-3	5
20	3	1
4	-1	3
1	-4	2
0	-6	2
1	-10	3
0	-11	1
3	-13	1
42	8	1
8	0	2
2	-10	2
3	-3	2
6	-10	1
2	-14	1
26	-18	1
12	-5	1
3	3	2
10	0	1
9	-4	1
45	16	1
10	20	1
11	25	1
84	70	1
11	-6	1
11	-5	1
12	-6	1
