3	-2	12
4	0	12
4	-4	2
7	-2	1
0	0	8
5	-4	8
2	-4	6
34	3	12
5	-6	2
5	0	17
2	-1	6
4	2	10
1	-1	3
1	0	7
24	0	1
0	2	4
1	-7	1
3	1	5
4	-1	6
3	0	13
5	-1	4
5	-7	1
0	-4	5
3	-1	9
4	-3	3
6	-4	1
6	1	1
5	-2	14
1	-5	3
6	-12	1
2	0	22
1	-3	5
4	-2	5
3	2	3
6	0	2
7	-1	2
3	-4	4
4	1	4
0	-6	6
1	-6	3
6	-9	1
2	-2	3
6	-5	3
1	-4	6
25	-9	1
0	-2	13
0	-7	3
1	-2	10
26	-8	1
16	2	2
0	1	2
2	-7	2
2	1	5
7	0	3
29	0	1
2	-3	3
4	-5	2
3	-5	1
3	-3	3
0	-1	3
0	-9	1
9	-10	1
19	3	1
12	20	1
64	40	1
10	26	1
1	2	1
9	-4	1
5	1	3
21	3	1
0	-3	6
2	-8	1
1	-12	1
5	2	1
7	1	1
15	26	1
39	6	1
6	-11	1
5	-3	1
1	1	4
8	0	1
6	-3	2
5	-5	1
1	-9	2
1	-14	1
2	-13	1
1	3	2
31	-18	1
40	8	1
70	46	1
22	2	1
1	-8	1
6	6	1
2	-6	2
1	-10	1
1	-11	1
1	-15	1
2	-5	1
6	-1	2
2	2	2
0	-11	1
13	-4	1
54	24	1
0	-8	1
10	14	1
11	16	1
91	71	1
6	-2	1
17	2	1
0	-5	2
11	-4	1
8	-6	1
14	-1	1
