1	3	1
3	-1	11
1	-13	1
3	-5	3
5	-1	6
1	0	11
5	-4	2
3	0	18
3	-2	8
6	-5	2
4	2	7
25	-11	1
0	2	2
2	0	23
1	-2	9
15	2	2
5	0	14
0	-3	5
5	1	2
2	-8	1
5	-3	4
2	1	8
0	-7	3
24	1	2
0	-2	4
0	-1	6
4	-11	1
4	-4	3
2	-10	1
2	-6	2
35	2	2
2	-2	11
2	-1	4
7	0	5
0	-5	3
0	0	3
5	-2	6
34	4	1
2	-4	7
4	0	8
0	1	1
7	-2	1
4	-1	3
7	-1	1
0	-8	2
35	3	2
1	-1	2
1	-4	5
2	-13	2
8	0	1
0	-4	3
1	1	5
26	0	2
5	-6	2
1	-3	3
6	-3	1
1	-12	3
3	1	3
25	0	2
3	-4	2
34	3	3
1	2	4
31	1	1
8	2	1
10	1	1
1	-7	1
6	-4	1
3	2	1
0	-6	1
1	-6	1
4	-2	4
32	1	2
11	18	1
4	-3	4
4	-9	1
7	-6	1
15	26	1
3	-3	3
1	-9	2
13	19	1
6	-2	2
4	1	2
6	-7	1
33	1	1
17	20	1
41	10	1
38	4	1
12	1	1
1	-8	1
63	34	1
3	-6	1
2	-3	2
28	0	1
42	14	1
35	1	1
9	0	1
33	-3	1
30	0	1
31	16	1
5	-12	1
14	-7	1
