0	-2	10
7	0	6
0	-12	2
3	0	14
2	-6	2
1	-7	3
0	-7	1
4	-2	7
2	-5	4
4	2	12
3	-1	12
6	-9	1
0	-8	4
6	-4	2
5	0	9
3	-5	4
1	0	9
35	3	1
0	2	2
1	-15	1
1	-2	10
4	1	2
3	-4	4
5	-3	5
6	1	4
0	-4	3
4	0	9
2	-4	13
3	-2	8
24	1	1
34	3	8
3	-7	2
2	-2	7
2	-1	4
30	0	1
2	0	18
2	2	2
2	-11	4
2	1	7
1	-1	4
1	-10	3
1	-6	2
16	-14	1
2	-7	1
0	-3	4
3	-3	6
0	-6	5
11	21	1
5	-4	3
1	-3	3
6	0	3
9	-5	1
0	-1	4
2	-9	3
8	-4	1
15	-12	1
6	-2	1
6	-6	1
11	-8	2
1	2	4
5	-2	4
4	-4	3
2	-14	1
34	4	1
0	1	2
2	-10	1
3	1	6
27	0	2
1	-11	1
0	0	3
14	25	1
96	61	1
11	23	1
6	3	1
6	-5	1
3	2	1
25	0	1
4	-1	7
2	-3	2
1	-9	2
1	1	1
7	-1	1
0	-9	1
12	5	1
14	2	2
3	-10	1
11	19	1
5	-1	1
0	-5	7
3	-6	1
34	1	1
6	-3	3
1	-4	3
1	-8	3
6	-1	1
7	-11	1
20	-17	1
50	20	1
11	1	1
5	-6	3
26	0	1
2	-12	1
11	-5	1
4	-5	1
111	62	1
18	-12	1
8	0	1
7	-2	2
7	-5	1
12	-12	1
3	-12	1
10	-4	1
5	-7	1
13	22	1
18	3	1
70	48	1
5	3	1
14	-6	1
28	0	1
14	-7	1
