3	0	16
1	-11	4
3	-5	3
0	0	12
5	-4	4
2	0	29
3	-2	11
6	-10	1
4	2	7
2	-1	8
5	-2	7
2	2	2
2	-2	10
4	-1	8
0	-4	2
5	0	17
5	-1	6
1	-6	4
2	-11	1
3	-1	9
0	-6	5
1	-4	4
10	1	1
1	-2	9
2	-3	3
0	-3	3
3	-13	1
0	-7	4
4	1	5
22	3	1
2	-4	6
1	-1	1
0	-5	8
7	0	4
4	-2	11
4	0	8
0	-2	13
2	1	4
3	-3	3
3	2	1
1	3	3
1	-3	3
4	-5	2
7	1	1
41	12	1
1	2	4
12	1	3
5	-6	2
6	0	2
6	-4	1
38	5	2
34	3	3
4	-3	3
5	-3	2
54	23	2
9	-3	1
35	3	2
7	-1	1
0	-1	4
6	-1	1
7	3	1
2	-17	1
0	2	1
16	31	1
32	0	1
1	0	4
0	-8	1
3	-6	1
5	-5	2
11	17	2
2	3	1
14	2	1
17	23	1
6	1	1
3	1	2
6	-8	1
1	-8	2
2	-5	2
2	-12	2
28	0	1
10	15	1
31	-1	1
50	21	1
52	27	1
6	-5	2
39	0	1
26	0	2
6	-2	1
0	1	1
1	1	1
21	3	1
0	3	1
5	-15	1
35	2	1
24	1	1
9	0	1
8	-1	1
32	16	1
2	-10	1
14	-7	1
11	1	1
