0	-2	11
0	-16	1
5	-5	2
1	-11	2
4	1	4
6	-7	1
1	-15	1
4	-1	5
5	0	18
4	2	8
27	-15	1
1	0	12
0	0	10
3	0	19
5	2	1
3	-1	5
2	0	14
0	-4	5
4	-3	2
0	-5	2
0	-11	1
1	-8	2
2	-4	7
4	-2	6
2	2	2
34	3	10
2	-7	2
0	1	1
9	-7	1
2	-2	13
0	-8	1
2	-5	4
6	-1	1
7	0	2
6	-3	3
6	0	4
5	-2	4
6	-2	3
0	-3	4
2	-1	6
1	-1	8
4	0	11
3	-7	1
5	1	3
34	4	1
0	-1	4
2	-11	1
6	-8	1
8	-3	2
1	-3	1
4	-5	2
0	2	1
3	-2	9
3	1	3
6	-5	3
3	-4	4
3	-3	5
1	2	4
10	0	1
2	1	2
11	1	2
9	-3	1
34	1	1
0	-6	2
20	3	1
2	-9	1
7	-1	2
1	-5	1
2	-8	1
1	-2	5
6	-4	1
0	-14	1
1	1	1
2	-3	1
5	-1	2
4	4	1
1	-7	2
35	3	1
3	-5	4
14	2	1
4	-6	1
3	-12	1
15	19	1
13	2	1
5	-4	2
3	2	2
1	-13	2
2	3	1
13	-7	1
1	-4	1
41	9	1
10	14	1
5	-6	1
14	-7	1
19	3	1
