6	-3	3
0	-8	2
3	0	15
7	0	7
2	-6	2
11	-5	2
0	-2	7
6	-4	3
0	-5	8
4	2	11
4	-2	9
5	-5	4
1	-9	3
5	0	10
15	32	1
4	0	7
5	1	2
2	1	7
1	0	10
26	0	1
0	2	2
5	2	1
2	0	12
5	-6	5
2	-2	16
1	-3	3
0	1	3
8	-1	1
34	3	13
2	-8	1
2	2	4
5	-4	3
2	-11	1
5	-3	2
4	-4	1
2	-1	7
3	-2	14
3	2	2
6	-1	1
6	-8	1
5	-2	9
1	-4	5
0	0	6
1	-6	1
3	1	4
2	-4	7
16	30	1
35	1	1
7	-1	2
6	1	1
1	-8	3
4	-3	4
6	-2	3
2	-5	4
8	2	1
1	-2	11
1	-12	1
0	-3	6
7	-2	1
3	-4	2
3	-7	1
0	-1	6
3	-3	5
9	-4	1
3	-1	5
1	2	4
2	-9	4
21	3	1
3	-5	2
9	-10	1
0	-7	1
0	-4	4
4	1	3
19	3	1
15	26	1
76	53	1
6	28	1
4	-1	2
18	3	1
35	2	1
0	-6	3
2	-10	2
4	4	1
1	-1	3
10	15	1
1	-7	1
2	-3	1
1	-10	2
25	0	1
5	-1	2
1	-5	1
2	-12	2
33	-19	1
42	7	1
63	35	1
1	-11	1
7	-11	1
2	-13	1
1	-13	1
1	1	1
13	-5	1
3	3	2
10	0	1
8	-4	1
11	20	1
6	0	2
9	27	1
83	67	1
12	-5	1
34	1	1
11	-7	1
