1	-1	5
0	-8	1
3	0	13
7	0	6
2	-6	2
11	-5	2
0	-2	10
5	-4	5
0	-6	5
4	2	12
4	-2	7
5	-6	4
2	-10	4
5	0	8
4	-1	3
5	1	3
3	-1	9
3	1	4
2	-1	4
1	0	12
0	2	2
2	-9	2
3	-2	12
2	-2	14
4	-3	2
4	0	6
1	-3	4
5	-2	8
3	2	1
8	-1	2
34	3	16
2	2	2
0	-5	6
2	0	7
5	-3	3
2	1	5
3	-4	3
1	-13	1
2	3	1
7	-2	1
6	-10	1
1	-2	10
0	0	9
1	-5	3
0	-3	3
6	-2	2
3	-5	2
16	28	1
1	-7	2
33	1	1
7	-1	4
6	1	1
1	-9	2
3	-3	6
2	-5	3
1	3	3
7	2	1
1	-12	1
6	-4	2
2	-4	5
3	-7	1
0	-1	5
6	0	4
11	-6	1
1	1	2
23	2	1
3	-6	2
9	-10	1
1	-4	3
4	1	3
22	3	1
2	-3	2
10	1	1
15	26	1
80	58	1
5	-1	3
24	1	1
8	0	1
0	-4	3
5	5	1
3	-13	1
9	10	1
1	-8	1
4	-6	1
4	4	1
4	-5	1
0	-7	1
6	-5	1
0	-12	1
2	-11	2
33	-18	1
41	7	1
6	2	1
2	-12	1
2	-8	1
121	66	1
9	-12	1
1	2	1
1	-11	1
3	-9	1
24	-19	1
12	-5	1
9	-11	1
3	3	1
10	0	1
0	1	1
8	-5	1
41	9	1
35	2	1
6	30	1
82	64	1
12	-6	1
11	-7	1
