3	0	12
4	0	12
4	-2	6
4	-3	3
9	-3	1
0	0	7
5	-5	5
2	-4	7
34	3	13
4	2	8
4	-4	2
3	-5	1
5	0	13
2	-2	11
7	0	3
4	1	9
1	1	8
1	0	8
24	1	2
0	2	5
2	-3	6
3	1	3
3	-1	11
4	-1	5
5	-6	1
0	-6	4
3	-2	9
6	-4	3
6	0	4
6	-3	4
0	-8	3
5	-4	6
0	-4	9
3	-11	1
2	0	10
1	-3	8
2	1	4
5	-1	4
7	-1	2
0	-5	3
0	-7	7
8	-12	1
2	-1	10
2	-5	4
27	52	1
16	-11	1
0	-3	4
0	-2	7
13	2	1
20	-11	1
10	1	1
23	2	1
2	-6	2
1	-2	8
5	-2	7
6	-5	3
3	-4	4
34	1	1
8	-2	1
1	-1	3
4	-6	1
10	13	1
0	-9	1
0	-1	4
3	4	1
8	-10	1
1	-6	1
11	16	2
61	31	1
12	20	1
2	3	1
11	-4	2
12	1	2
0	3	1
0	-11	1
6	-2	6
5	1	2
15	26	1
40	7	1
39	7	1
6	-14	1
1	-7	1
1	2	1
1	-4	2
0	1	5
34	4	1
1	-13	1
1	-15	1
28	-18	1
1	-5	1
10	11	1
1	-9	2
1	3	1
1	-11	1
3	2	1
1	-12	1
20	-17	1
13	-4	1
10	-8	1
2	2	1
61	30	1
6	6	1
11	1	1
9	-7	1
13	-3	1
