0	-2	12
7	-1	4
0	-11	1
2	0	14
0	-7	3
6	-2	3
0	-6	3
4	-3	5
2	-6	3
4	-1	6
0	-8	3
5	-5	3
5	0	6
1	-1	3
4	2	15
2	-5	7
3	0	15
1	0	7
0	2	5
1	-15	1
2	-10	5
3	-3	2
5	1	2
4	1	3
4	-4	1
5	-3	4
3	1	7
2	-4	10
4	0	6
4	-2	4
16	2	1
34	3	14
7	0	4
3	-2	10
1	-2	10
32	1	1
0	1	2
5	-4	6
2	1	5
0	0	8
1	-10	4
1	2	2
3	3	2
14	-13	2
3	-6	3
3	-4	3
0	-3	7
3	-1	10
11	24	1
6	0	3
6	1	3
0	-12	1
9	-5	1
0	-5	8
1	1	2
2	-2	6
6	-3	2
15	-12	1
11	-9	1
5	-1	3
2	-13	1
1	-9	3
1	-3	3
0	-1	4
6	-1	3
11	-7	1
1	-11	1
15	26	1
94	61	1
8	28	1
6	2	1
6	-5	1
23	2	1
2	-3	1
3	-5	4
0	-10	1
11	5	1
2	-12	1
8	0	2
10	0	1
3	-10	1
11	16	1
5	-2	1
0	-4	4
34	4	1
2	-1	5
1	-8	1
2	-7	1
7	-11	1
35	2	1
4	-5	1
21	3	2
2	-11	2
16	-12	1
5	2	1
7	-2	1
5	-6	1
2	-9	1
8	-3	1
4	-11	1
9	-3	1
4	-7	1
30	0	1
13	22	1
5	33	1
1	-7	1
4	3	1
14	-6	1
31	0	1
13	-6	1
11	-8	1
