0	-3	7
2	-6	6
5	-5	1
3	-1	6
4	-2	7
2	1	2
1	-10	1
1	-2	12
16	-13	1
1	-4	1
20	-17	1
2	0	18
5	0	21
3	-2	8
0	0	8
4	0	11
3	2	2
1	0	7
8	-3	1
0	-4	3
5	-3	3
2	-2	10
2	-12	2
18	3	1
3	-3	4
2	-4	6
5	-4	5
28	-6	1
2	-1	5
1	-8	1
3	-6	2
3	0	18
0	1	1
0	-5	5
1	-9	2
4	2	5
1	-3	3
0	-2	12
1	1	3
3	-5	2
6	-3	4
0	-6	7
34	1	1
4	-4	3
2	-3	2
37	4	1
35	2	1
4	-3	4
21	3	1
13	-8	1
3	-4	5
1	-6	3
6	1	2
3	1	4
28	0	2
16	2	2
56	26	1
15	2	1
10	1	3
1	-1	3
7	0	3
34	3	1
7	-1	3
2	-7	1
48	19	2
6	-5	1
35	3	2
5	-2	6
31	-2	1
1	2	2
41	11	1
19	2	1
2	2	3
0	-1	4
6	-1	1
1	-7	2
6	0	1
26	0	1
5	-1	9
15	34	1
6	-2	5
4	-1	3
4	-5	1
17	23	1
8	0	1
5	-6	2
4	1	2
13	-13	1
2	-13	1
9	0	1
19	-11	1
57	25	1
52	29	1
0	2	1
6	-4	1
5	-11	1
0	-7	2
39	6	1
24	1	1
2	3	1
6	2	1
1	-5	2
2	-8	1
55	8	1
5	-8	1
2	-5	1
25	0	1
20	18	1
14	-7	1
7	-2	1
