3	-4	3
2	0	8
0	-8	2
5	0	20
0	-2	23
0	-6	3
0	0	7
4	2	10
2	-2	16
9	0	1
1	-8	2
1	-3	5
1	0	10
2	1	3
3	0	14
5	-2	8
1	-4	2
0	-10	1
6	-1	2
3	-2	11
2	-6	2
5	-1	6
3	-6	1
9	9	2
4	0	10
2	-4	7
1	-9	3
4	-2	10
1	-2	12
1	-11	2
6	-2	4
3	-13	1
0	-4	5
0	-5	7
2	-1	6
4	-5	1
2	-5	6
4	-1	4
9	-5	1
2	-12	3
0	-3	2
13	1	1
2	-9	2
35	3	5
0	-1	2
3	-1	5
2	2	2
5	-4	8
0	1	2
2	-8	2
4	-3	1
5	-5	3
18	18	1
7	-11	1
37	5	1
33	1	1
34	4	2
8	0	1
1	2	2
15	26	1
5	-3	2
4	-4	4
1	-5	1
1	23	1
0	2	1
0	-12	1
3	-9	1
7	-2	1
3	-5	2
4	4	1
12	-9	1
0	-7	4
37	4	1
18	24	1
2	31	1
7	0	3
2	-13	1
2	3	1
6	0	2
5	3	1
0	-17	1
1	-7	1
8	8	1
6	-3	3
4	1	1
8	1	1
8	-4	1
3	1	3
2	-10	2
16	2	1
6	31	1
1	-1	1
3	-3	2
17	2	1
3	3	1
31	0	1
1	33	1
1	3	1
3	2	1
4	-14	1
7	3	1
6	1	1
22	-4	1
48	66	1
1	-10	1
24	-10	1
18	3	1
86	66	1
7	-5	1
14	25	1
7	-1	1
34	3	1
2	-3	1
5	-6	1
