3	-7	1
0	-5	6
1	-3	4
2	-3	4
2	-4	11
2	-1	11
5	-5	7
0	-3	10
3	-1	9
34	3	9
4	2	11
2	-2	8
1	-18	1
4	0	8
3	-2	8
3	1	6
3	0	11
1	-8	6
4	-2	7
0	0	9
7	-1	4
6	-4	3
1	-6	3
5	-4	7
1	0	10
5	0	14
0	-4	6
2	0	11
5	-3	4
0	-2	10
4	-4	3
1	-5	4
4	-7	1
1	-12	3
3	-4	5
6	-3	1
0	-11	2
0	-1	3
4	1	2
0	-6	4
4	-1	2
1	-9	2
5	-6	4
5	-2	12
7	-2	3
3	-3	1
0	2	3
21	23	1
14	-8	1
8	0	1
1	-2	9
18	3	1
6	-5	2
9	-5	1
6	-1	3
3	3	1
9	1	1
2	-5	7
4	-3	5
6	-2	2
22	24	1
1	-10	2
35	2	3
9	0	2
1	-1	3
1	-4	4
5	-8	1
2	2	1
28	0	1
3	-5	3
10	1	1
0	1	1
6	0	3
35	3	2
2	-7	1
2	3	2
24	1	1
5	5	1
8	-4	1
16	2	2
9	10	1
2	-6	4
1	-13	1
3	-6	1
4	-5	1
9	-3	2
13	-9	1
1	-7	1
8	27	1
26	0	1
1	2	1
2	-11	1
14	-2	1
0	-16	1
32	1	1
4	35	1
2	-12	1
6	1	2
0	-7	4
64	39	1
0	-8	1
46	7	1
