3	-3	2
5	1	3
5	-3	4
0	1	2
2	-8	2
4	0	9
2	-2	16
0	-7	3
0	-1	8
5	0	15
2	-5	4
2	-4	10
6	0	4
0	-2	8
3	0	12
5	-1	7
2	-3	3
0	-10	1
1	-2	14
6	-1	4
3	1	3
7	-2	3
7	0	4
1	-8	1
3	-5	2
10	14	1
3	-4	6
3	-10	2
4	-3	3
1	-3	4
6	-10	1
8	-3	1
4	-2	5
2	-1	8
8	-2	1
18	-15	1
3	-2	15
1	-12	1
0	-5	6
0	-4	6
4	2	7
0	-8	3
1	-4	4
2	0	8
1	-6	2
5	5	1
0	0	8
2	1	2
3	-1	8
1	0	4
11	-8	1
4	-12	1
22	3	1
2	-10	4
35	3	4
4	1	4
1	-1	5
1	1	5
5	-4	8
6	-2	3
5	2	2
12	20	1
4	-4	1
1	-7	4
0	-3	9
33	1	1
11	-7	1
3	-9	2
1	-5	3
14	27	1
4	-1	6
6	-3	4
1	2	3
1	3	1
2	-12	2
10	-6	1
4	-5	1
3	2	1
13	-8	1
7	-3	1
2	-6	1
1	-10	1
32	1	2
19	25	1
7	-1	2
4	30	1
0	-6	3
1	-13	1
5	-5	1
2	3	1
1	-11	1
2	2	2
9	-4	1
3	3	2
0	-16	1
1	-9	3
2	-7	2
5	-6	2
10	11	1
3	-7	1
0	-11	1
8	1	1
9	-6	1
5	-2	7
8	27	1
6	-5	1
11	1	1
35	2	1
0	33	1
0	2	1
6	5	1
4	-14	1
8	3	1
6	1	1
53	70	1
15	-11	1
12	1	1
83	69	1
7	-5	1
12	24	1
28	0	1
34	3	1
6	-8	1
