4	-5	2
4	0	5
1	0	11
4	2	12
0	-1	5
0	-3	4
1	-3	5
0	-5	5
5	0	15
0	0	10
34	3	8
2	-4	8
5	-2	11
2	-2	16
2	0	10
0	-8	1
0	-4	6
3	0	17
3	-5	2
5	-1	3
1	1	2
3	-2	18
3	-1	8
35	2	2
0	-6	6
2	-6	4
1	-4	4
3	-3	4
5	-5	4
0	-2	16
1	-10	1
26	0	1
3	-7	1
5	-4	7
1	-5	4
6	-9	1
6	-12	1
8	2	1
5	-6	4
1	-1	5
21	20	1
4	-16	1
3	-4	5
11	18	2
18	3	1
1	-2	8
2	-12	3
2	1	3
4	-2	6
10	13	1
7	0	2
0	30	1
6	-4	2
11	-4	1
12	-6	1
2	-3	3
4	-3	7
7	-1	1
3	1	4
9	-3	1
0	1	2
3	2	4
2	-1	9
35	1	1
1	-8	1
6	-6	2
4	1	3
0	-12	1
0	-13	1
2	2	2
1	-12	1
6	-2	2
4	-1	4
2	-9	1
6	2	1
3	-6	2
5	-3	1
2	-7	2
2	-10	1
3	3	1
1	-11	1
27	0	1
1	-9	1
39	6	1
6	-1	1
17	19	2
0	2	2
1	-7	2
11	-7	1
4	-6	1
36	3	2
6	-5	1
6	-3	1
8	-16	1
2	-11	1
20	18	1
1	-14	2
11	-12	1
92	52	1
3	26	1
0	-17	1
31	0	1
2	-5	3
4	-4	1
98	54	1
11	22	1
11	5	1
1	2	2
63	37	1
0	-7	1
