0	-3	10
1	-3	4
2	-4	12
2	-1	8
5	-5	5
3	-1	7
4	2	8
2	-2	12
0	-7	3
4	0	5
4	1	4
3	0	20
1	-8	3
4	-2	10
0	-1	11
1	-6	4
4	-4	4
0	0	9
2	0	10
2	-5	12
1	-2	7
1	0	8
2	-3	4
5	-4	10
0	-2	7
5	-6	3
1	-4	3
3	-3	4
1	-13	3
2	2	3
4	-7	1
0	-11	2
5	0	10
39	-21	1
0	-4	8
4	-1	5
5	1	1
1	-9	5
5	-2	6
8	-3	1
3	-4	3
6	-12	1
5	-1	4
22	25	1
15	-9	1
6	0	2
20	3	1
6	-2	4
35	2	4
0	-5	4
9	-7	1
5	5	1
8	0	2
3	-6	4
7	-2	2
22	24	1
6	-4	1
1	-10	2
1	-5	4
35	3	1
3	-8	1
6	-5	3
3	-2	11
1	1	2
3	-5	3
34	3	5
4	-3	1
16	2	2
9	0	1
2	-7	2
3	2	2
7	-1	5
26	0	1
0	-6	4
3	3	1
2	-6	1
1	-11	1
1	-12	1
10	1	1
4	4	1
6	-6	1
9	8	1
12	1	2
30	0	1
5	-3	6
31	-3	1
9	-3	1
17	-10	1
0	1	2
11	25	1
2	3	1
0	2	1
1	2	1
14	0	1
1	-1	2
0	-16	1
34	1	1
3	1	1
3	36	1
7	0	1
11	18	1
0	-12	2
6	1	2
9	-4	1
13	2	1
63	36	1
1	-7	1
37	4	1
95	52	1
46	6	1
