4	0	9
0	-2	17
2	-4	10
3	-1	8
3	-8	1
0	-5	4
34	3	13
4	2	5
3	-3	5
3	-4	5
1	-1	5
5	-4	6
5	0	22
1	-4	3
4	-2	10
6	0	4
1	0	5
0	0	6
24	1	2
0	1	1
3	-2	11
3	1	4
5	-2	15
2	-1	5
4	-3	5
1	-3	2
3	0	21
5	-3	6
0	-6	6
2	-2	12
1	-5	2
2	-9	1
2	1	3
6	-3	3
1	-2	8
0	2	3
0	-7	5
5	-1	3
2	0	12
28	60	1
11	-7	1
35	2	1
2	4	1
27	-7	1
0	-1	5
5	5	1
7	0	1
2	3	2
5	-5	4
4	3	1
4	1	1
18	22	1
8	0	1
6	5	1
5	1	2
3	-5	2
4	-5	1
1	2	3
6	-7	1
1	-9	1
2	-13	1
6	-2	6
9	0	1
16	2	1
3	3	2
46	17	1
4	4	2
0	-15	1
35	3	4
12	1	1
2	-5	3
1	1	1
7	-2	2
1	-6	1
13	-4	1
11	16	1
37	6	1
6	-4	1
51	20	1
0	-8	2
7	-14	1
3	2	1
2	-6	2
0	-4	1
19	3	2
1	-7	2
0	-11	1
6	-5	1
0	-3	2
0	-13	1
13	-13	1
73	43	1
20	18	1
6	-1	1
120	68	1
2	2	3
4	-6	1
7	1	1
6	-6	2
2	-10	1
34	1	1
6	-10	1
12	-5	1
70	49	1
4	-1	2
2	-3	1
11	-3	1
