0	-5	5
2	-7	2
0	-3	5
0	-7	9
2	2	4
5	-2	15
2	-2	8
20	3	3
4	2	11
0	-2	13
3	-1	8
1	-14	1
1	-2	11
0	-4	4
1	1	4
3	-4	3
4	0	6
7	-1	1
2	-4	14
3	-3	1
7	-2	3
1	-3	5
4	-1	5
3	-2	15
1	-8	2
3	1	8
2	-1	8
7	-4	1
6	-3	2
4	-4	4
5	-10	1
2	-5	6
1	0	10
1	-11	4
5	0	13
2	1	3
2	-10	2
5	-4	14
1	-13	2
20	18	1
1	-4	3
3	0	14
11	-5	2
1	-6	1
0	-1	9
0	0	7
10	-4	1
5	-3	5
5	-1	7
3	3	1
8	3	1
6	-2	1
4	-2	8
4	-3	2
21	23	1
6	-4	4
2	0	7
24	3	1
26	0	1
5	-5	1
10	13	1
11	1	1
35	3	3
2	-6	1
1	-5	2
6	19	1
11	-7	1
22	3	1
0	2	1
4	1	4
7	0	4
11	5	1
1	-1	3
9	-5	1
4	-11	1
1	-12	1
30	0	1
12	19	1
1	-10	3
1	2	1
1	-9	2
5	23	1
10	1	1
6	-5	2
13	-9	1
0	-13	2
3	-5	3
0	-8	1
9	-3	1
2	-3	2
3	2	1
4	31	1
0	3	1
45	2	1
4	-5	1
2	-8	1
2	34	1
4	-14	1
7	3	1
0	-6	4
6	1	1
23	-3	1
58	51	1
33	1	1
1	-7	1
96	53	1
24	1	1
41	8	1
5	-6	1
