3	-1	13
4	2	14
5	-1	5
1	2	2
3	-6	3
3	0	17
3	-2	9
0	-7	2
2	-2	12
9	0	1
4	0	9
2	-3	4
1	-4	5
10	-6	1
0	-3	5
6	0	5
4	-2	9
0	-8	1
6	-2	6
2	0	12
11	-7	1
3	2	4
6	1	2
0	-2	9
2	-5	4
1	-10	5
14	19	1
2	-4	8
1	-2	12
0	-1	9
2	-1	5
5	-2	9
1	-3	4
11	-12	1
8	-2	1
5	0	12
13	-13	1
9	-6	2
4	-3	5
0	-4	3
0	-6	5
1	0	9
11	-9	1
6	-12	1
27	0	2
3	-5	4
2	-10	3
35	3	3
0	0	9
3	-4	5
6	-6	2
3	3	2
1	-7	3
2	1	3
10	11	1
15	-11	1
35	4	1
28	0	1
5	1	3
2	-6	2
3	1	7
12	-7	1
2	-9	1
0	2	2
4	-5	1
14	27	1
4	-4	2
5	-4	4
0	-5	6
1	-5	2
1	-9	6
0	26	1
2	3	1
34	1	1
12	-6	1
31	1	1
13	-8	1
6	-3	2
1	-8	1
1	-1	4
26	0	1
19	25	1
3	30	1
5	34	1
7	-1	2
5	-3	6
13	-7	1
1	-11	1
9	-3	1
4	-6	1
11	17	1
3	-3	1
4	-1	3
6	-4	1
0	-9	1
7	0	3
4	-10	1
12	20	1
31	-3	1
5	-5	1
8	0	1
0	32	1
7	1	1
8	8	1
4	-12	1
7	2	1
24	1	1
54	68	1
11	-11	1
82	63	1
11	16	1
26	1	1
4	-11	1
7	-11	1
