0	-6	5
4	1	4
3	-9	1
3	0	20
1	-4	5
4	-2	3
0	0	6
1	-7	5
34	3	8
4	-3	1
5	0	13
8	-5	1
0	-2	9
1	-6	1
6	0	2
1	-2	11
3	1	6
5	-3	7
5	-1	7
3	-2	8
22	3	1
1	-8	3
2	-1	8
3	-4	3
4	0	8
0	-5	7
3	-1	3
2	-4	8
0	-7	3
5	-4	10
40	9	1
1	1	1
0	-8	2
5	-6	3
1	-1	4
4	2	5
1	-3	7
3	-7	1
2	0	10
3	2	1
0	-3	9
0	-12	1
31	-2	1
0	-1	6
2	-7	2
4	-1	3
6	-3	2
11	16	1
1	0	6
5	1	3
2	-6	6
1	2	2
10	18	1
35	2	2
3	-6	3
48	14	1
11	17	1
9	-5	1
0	-10	1
6	-10	1
2	-2	7
5	-2	4
6	-2	7
3	-3	3
2	3	1
0	1	2
18	-15	1
6	-4	3
6	-7	2
14	2	1
1	-9	2
5	2	1
7	7	1
0	-4	2
40	10	1
2	-12	1
7	-1	2
0	2	2
7	0	1
70	45	1
3	3	1
20	25	1
1	-13	2
120	68	1
2	-10	1
4	-4	3
6	-5	2
32	1	1
5	-5	2
4	-5	2
6	-8	1
84	71	1
2	1	3
93	69	1
2	-3	1
1	-10	1
12	-4	1
