5	0	24
0	-4	4
0	-2	10
4	1	2
2	-4	7
3	-2	19
7	-2	3
2	0	11
2	-8	2
0	-5	3
34	3	12
2	-2	10
2	-3	4
0	0	7
6	-3	6
1	-1	3
6	0	3
1	0	11
25	0	1
4	-2	10
3	0	20
2	-1	3
5	-2	7
3	-4	3
1	-4	2
4	0	8
7	-1	2
5	-3	3
0	-6	5
5	-1	8
0	-1	6
1	-5	2
2	-9	2
3	-1	4
4	2	3
1	-2	9
24	-19	1
1	-3	5
4	-1	4
2	-5	4
11	-7	1
0	-7	7
7	-15	1
33	1	1
5	2	2
25	-9	1
0	1	1
5	1	5
3	1	5
35	3	3
19	23	1
9	-2	1
0	-8	1
3	3	2
4	-4	2
4	-5	3
1	2	4
6	-7	2
1	-8	4
2	-13	1
15	2	2
4	-3	1
13	2	1
43	15	1
3	2	2
6	-2	4
14	-1	1
5	-4	3
1	1	1
5	-5	1
1	-6	2
12	-5	1
11	16	1
37	5	1
6	-4	3
52	19	1
7	-14	1
3	-6	1
0	-3	2
3	-3	2
3	-5	2
22	3	1
8	-2	1
0	-12	1
6	-5	2
0	-13	1
11	-12	1
73	43	1
21	19	1
0	2	1
9	0	1
5	-6	1
6	-6	1
2	-10	1
28	0	1
11	-5	1
2	2	3
73	51	1
94	66	1
2	-6	1
11	-3	1
