2	-5	7
4	0	10
1	-1	6
6	2	2
0	-1	7
0	-2	11
0	-3	4
0	-5	10
5	0	10
0	1	5
34	3	9
4	2	11
5	-1	6
2	-4	8
5	-2	6
2	-1	8
2	0	9
0	-8	2
3	0	15
2	-6	3
3	-2	18
3	-1	5
2	-2	11
37	4	2
1	-7	1
1	-4	4
2	-3	4
6	-3	2
4	-1	6
29	0	1
1	0	9
5	-3	5
3	-5	4
5	-4	6
0	-4	6
6	-6	3
6	0	2
6	-2	4
6	-11	1
7	1	1
1	-2	19
6	-7	1
7	-2	1
21	20	1
5	-5	1
6	-5	1
3	1	4
11	23	1
21	3	1
3	-4	3
1	-12	4
1	1	3
4	-5	1
1	-13	1
2	1	3
4	-2	10
11	16	1
0	31	1
10	-4	1
0	-6	2
7	-1	1
4	1	2
8	-2	1
0	2	4
3	3	2
6	6	1
1	-3	2
32	1	1
1	-9	1
0	-7	1
38	3	1
0	-11	2
4	-4	2
1	2	2
1	-5	2
3	2	2
0	0	4
35	3	2
5	-6	4
36	3	1
2	-9	1
6	-1	3
10	1	1
8	-11	1
4	3	1
3	-6	3
2	-10	1
1	-11	1
33	1	1
4	-3	2
0	-14	1
2	-7	1
20	18	1
9	-3	1
1	-8	2
11	21	1
3	-3	3
9	-5	1
4	-7	1
38	5	1
6	-4	1
7	-16	1
21	19	1
1	-14	1
12	-12	1
94	54	1
5	23	1
14	19	1
0	-15	1
28	0	1
1	-16	1
2	2	1
52	28	1
98	56	1
12	20	1
12	5	1
64	40	1
2	-12	1
