0	-4	7
1	-6	2
5	-8	1
2	0	11
3	-2	15
0	-7	3
0	-3	6
2	-12	2
1	2	4
34	3	11
4	2	6
3	0	19
5	-1	5
4	0	5
6	-1	2
6	0	5
0	-6	4
0	0	4
5	1	4
26	0	1
0	2	2
5	0	15
0	-5	5
38	4	1
0	1	2
1	-14	1
1	-5	4
4	-2	8
7	1	1
0	-2	9
2	-11	1
2	-1	8
2	-4	7
6	-3	2
4	1	2
2	-6	3
3	-6	6
5	-3	4
0	-10	2
35	2	1
1	-11	1
4	-3	2
3	-5	3
2	-2	8
1	-4	2
5	-2	5
7	7	1
0	-8	3
1	1	2
2	-8	1
3	3	2
1	0	6
0	-14	1
6	24	1
0	-1	7
9	17	1
15	2	1
13	2	1
3	1	2
27	-3	1
3	-1	6
5	-7	1
2	-13	1
3	2	3
5	-4	1
32	1	2
0	-12	1
2	2	4
2	-7	1
26	1	1
4	-6	2
12	-9	1
4	-1	5
9	-7	1
19	-17	1
11	-6	1
6	-4	2
3	-4	1
36	3	1
6	-2	2
1	-7	2
12	1	2
4	-4	2
21	21	1
1	-2	3
8	0	1
3	-13	1
1	-10	1
5	2	2
2	-3	4
17	2	1
57	26	1
7	-1	2
19	26	1
1	-12	2
4	-5	1
101	64	1
4	4	1
3	-3	1
10	-3	1
1	-9	1
14	2	1
1	-17	1
2	-5	1
97	53	1
6	-5	1
82	65	1
1	-3	1
10	-4	1
3	-9	1
4	-9	1
