3	-5	4
0	-4	4
3	0	20
0	-2	12
0	-7	4
1	0	10
5	-1	6
0	-5	8
2	-5	3
12	1	2
4	2	12
2	-2	7
0	-1	12
4	0	8
1	-11	2
5	-2	11
0	2	1
1	-4	5
2	-7	1
7	-1	2
4	-4	1
3	-3	7
3	-1	9
2	-4	9
4	-1	6
2	-8	2
3	1	6
1	-2	10
5	-4	9
6	-3	3
6	-6	2
3	-12	1
1	-10	2
5	0	14
37	-19	1
1	-12	2
0	-9	1
5	-3	10
1	-3	3
2	0	14
15	19	1
4	-2	14
6	0	1
0	-6	5
9	-3	4
1	-9	4
35	3	3
0	0	5
4	-3	3
2	-6	5
5	3	1
6	-2	5
5	1	1
2	-1	7
1	-5	2
21	22	1
2	-11	2
6	-4	3
24	3	1
32	1	1
2	2	3
0	-3	1
5	-5	2
11	22	1
7	0	1
3	-2	11
5	22	1
2	1	1
2	-3	2
16	2	1
1	-1	1
3	2	2
7	-2	2
0	1	2
10	5	1
13	-8	1
3	-11	1
1	-8	5
36	3	1
17	20	1
2	29	1
0	-8	2
10	14	1
3	-4	4
0	-11	1
2	-10	1
6	-1	3
1	-14	1
4	31	1
34	1	1
1	2	1
1	-6	1
40	0	1
15	2	2
1	33	1
6	1	3
1	1	1
3	-14	1
23	-6	1
54	55	1
4	-12	1
4	-11	1
31	-2	1
35	2	1
93	56	1
4	1	2
37	6	1
5	-6	1
