3	-4	5
4	0	12
5	-4	10
4	3	2
1	-8	3
1	-2	14
0	-6	4
0	0	9
4	2	7
2	-2	14
9	0	1
5	0	20
1	-7	2
2	-4	12
3	0	11
2	0	7
5	-1	8
0	-1	4
6	-1	3
4	1	3
6	-2	4
3	-1	10
7	0	3
0	-4	4
2	-3	3
2	-6	3
4	-1	2
3	-5	2
10	10	1
0	-2	13
3	-9	2
5	-3	5
1	-3	4
1	-11	1
4	-2	7
7	-2	1
20	-17	1
5	-2	3
2	-13	1
0	-3	8
0	-5	6
2	-1	9
4	-5	1
1	-5	4
3	-2	16
7	7	1
3	2	1
1	0	9
11	-7	1
3	-12	1
1	-4	3
16	2	1
2	-10	2
35	3	3
1	1	2
6	-4	2
5	1	2
2	-9	3
7	-1	4
4	-4	1
1	-1	5
15	19	1
6	0	4
11	-11	1
36	3	1
35	2	3
9	-5	2
1	2	4
14	27	1
2	-5	2
0	23	1
0	2	2
1	-12	1
2	2	4
7	-3	1
4	-3	2
18	24	1
0	-7	5
3	30	1
1	-13	2
5	-5	3
7	30	2
9	-1	1
0	-17	1
1	-9	2
2	-8	2
8	1	1
3	1	2
19	3	1
14	2	1
3	3	2
34	1	1
0	33	1
7	3	1
6	1	1
51	68	1
2	-11	1
18	-10	1
2	1	1
15	2	1
85	69	1
7	-5	1
14	25	1
2	-12	1
3	-3	2
3	-10	1
5	-6	1
6	-3	1
