3	-4	5
3	-1	12
4	0	5
4	2	13
1	-2	12
3	-6	2
2	-2	13
0	-5	6
4	-2	8
0	-1	4
34	3	8
5	-2	13
1	-8	4
3	0	14
2	-6	3
0	-3	7
3	-5	5
0	0	4
1	-4	10
1	1	3
0	2	2
31	1	2
0	-6	5
4	-1	10
6	-5	3
2	-4	5
2	-8	2
1	0	7
12	1	1
0	-2	16
2	-1	9
2	-10	3
5	0	18
14	-13	1
3	-2	11
2	0	13
1	-12	2
6	3	1
6	-2	4
1	-9	2
4	-3	3
5	-4	8
21	24	1
3	-3	3
1	-1	6
8	7	1
1	-3	7
1	-7	1
6	0	4
7	0	3
5	-5	3
3	3	1
7	-1	1
3	26	1
11	-6	1
10	-4	1
2	1	6
1	-6	1
0	-11	1
12	-6	1
14	19	1
4	-4	2
1	-5	2
6	-3	3
6	-7	1
5	-11	1
1	-10	1
3	1	3
1	-11	2
2	-7	1
5	1	2
4	1	2
3	-7	1
5	-1	1
25	0	1
4	-6	2
0	-10	1
3	2	1
2	-5	4
1	3	2
5	-3	3
6	-1	2
0	3	1
6	-6	1
1	-13	1
2	-12	1
16	2	1
0	-7	3
39	7	1
11	15	1
9	-2	1
9	-3	1
7	6	1
23	-10	1
0	1	1
2	-9	1
5	-6	2
8	-14	1
6	1	1
10	15	1
1	-14	1
83	40	1
4	-9	1
2	2	1
4	-5	1
3	34	1
21	21	1
0	-4	2
41	13	1
0	-17	1
52	26	1
97	52	1
1	2	1
13	26	1
7	7	1
55	25	1
6	-4	1
35	2	1
6	-11	1
3	-12	1
