0	-5	9
4	2	8
2	-2	13
2	-5	5
2	0	13
5	-4	14
0	-2	11
3	0	12
34	1	2
1	-16	2
3	-1	10
0	-4	8
4	-2	6
3	-2	11
0	-7	4
1	0	8
7	-1	7
1	-6	1
5	-3	4
1	-1	6
5	0	11
0	-6	5
5	-2	13
1	-2	9
5	-5	5
1	-5	4
3	-3	2
1	-12	2
1	1	2
3	-8	1
2	-12	1
2	-4	8
2	-3	6
6	-2	2
40	-22	1
3	2	1
3	1	7
0	-3	5
1	-9	2
6	-5	4
7	-2	1
1	2	2
3	-13	1
1	-7	3
21	23	1
14	-8	1
4	0	5
9	-1	1
12	1	3
0	-1	3
8	-3	1
2	-6	3
2	-1	9
6	0	4
5	-1	2
9	2	1
3	-4	5
4	1	3
22	25	1
6	-4	2
38	0	1
35	4	1
1	-8	2
33	1	1
1	-4	4
0	0	6
35	3	4
4	-8	1
6	-1	1
4	4	1
25	0	1
34	3	6
2	2	3
8	0	1
10	14	1
1	-10	1
4	-4	2
3	-7	1
2	3	2
18	3	1
7	7	1
7	-3	1
0	-11	1
5	-6	2
19	3	1
11	17	1
11	2	1
24	1	1
6	-3	1
27	-7	1
1	-15	1
5	2	2
2	-7	2
9	-3	1
2	1	1
10	-6	1
1	3	1
0	-8	2
7	29	1
1	-3	1
0	1	1
32	1	1
4	-3	1
2	-10	1
58	11	1
3	-5	2
30	0	1
4	35	1
7	1	1
10	13	1
0	-9	2
6	1	1
9	-2	1
21	3	1
63	40	1
3	-12	1
2	-9	1
7	0	1
4	-1	1
45	8	1
