2	-5	7
0	-2	14
1	-2	12
3	-5	11
0	-5	7
2	-3	3
6	-5	4
0	-6	7
4	-2	4
4	2	9
2	-2	12
1	-16	1
3	0	15
4	0	5
5	0	16
2	-1	9
3	1	4
1	-9	6
3	-2	15
7	0	5
1	-6	2
6	0	2
1	-4	2
3	-1	5
5	-4	17
2	-4	4
4	-6	2
0	-3	7
2	0	12
1	-11	2
4	-7	1
26	-7	1
5	-3	5
0	-8	3
36	-19	1
1	-3	4
2	-6	6
0	-7	2
5	-1	3
5	-2	10
9	-4	1
0	1	1
6	-10	1
2	-9	2
7	-2	3
23	24	1
15	-10	1
1	0	7
3	-3	5
15	-11	1
35	3	1
5	-5	2
9	-7	1
5	1	1
10	12	1
4	-1	7
7	-1	4
5	-6	1
4	-4	3
2	-10	1
10	-5	1
21	24	1
6	-2	2
34	3	6
0	0	6
0	-1	4
37	5	1
21	3	1
15	2	3
1	-5	3
4	4	2
1	-1	1
2	-7	1
4	-3	1
0	-4	6
6	-3	2
2	-8	1
6	-4	5
3	-4	3
1	-13	1
2	-12	2
3	3	1
35	2	2
32	1	1
6	-6	1
25	0	1
1	2	2
9	-3	1
18	3	1
22	-9	1
4	-5	2
5	2	1
33	1	1
11	19	1
29	0	1
3	2	1
1	3	1
12	1	1
2	2	2
0	2	1
1	-14	1
3	-6	1
67	20	1
11	1	1
4	37	1
17	19	1
0	-12	1
7	1	1
61	31	1
6	-1	1
40	8	1
1	1	1
1	-8	1
38	6	1
6	1	1
46	7	1
12	-13	1
