0	-5	10
2	-6	5
2	1	6
5	-4	13
0	-3	4
2	-1	9
25	0	2
4	2	9
2	-2	12
0	-4	5
3	-2	15
1	-15	1
3	-3	2
5	-2	11
3	0	10
4	-2	9
0	-6	8
7	-1	3
4	-4	3
1	-5	2
6	-2	4
0	0	7
0	-2	13
5	0	15
2	0	12
3	1	4
6	-3	3
2	-4	7
3	-4	5
0	-1	7
1	-11	5
1	-4	5
40	-22	1
1	-8	1
1	-2	7
0	-7	5
6	-4	5
4	-3	4
3	-1	3
2	2	3
3	-13	1
21	21	1
5	-1	6
6	-1	3
13	-6	1
1	0	8
7	0	3
9	-4	1
4	-1	5
5	-5	6
9	3	1
1	-3	9
2	-5	4
22	25	1
5	-3	2
1	-9	4
36	-1	1
2	-10	2
18	3	1
5	2	1
1	-1	2
8	8	1
17	2	1
2	-3	2
35	3	5
4	0	5
10	19	1
28	0	1
11	-8	1
30	0	1
1	3	2
3	2	1
12	1	2
7	-4	1
8	0	1
2	-12	1
10	14	1
1	-10	3
0	2	1
7	18	1
16	2	1
4	4	1
1	-13	1
3	-5	2
3	-7	2
2	-7	1
9	-3	1
9	-1	1
0	-10	1
5	31	1
34	3	1
53	8	1
12	-5	1
1	-14	1
7	37	1
7	3	1
6	6	1
6	1	1
23	0	1
64	46	1
3	-12	1
95	52	1
32	1	1
1	-12	1
4	1	2
42	8	1
5	-6	1
