3	-4	3
0	-2	16
3	-5	5
4	0	6
0	-7	6
7	0	3
5	0	19
0	-4	5
2	-6	7
6	0	2
2	-2	12
1	-10	2
0	-3	4
4	-2	10
1	2	1
3	0	12
4	-4	4
1	-4	3
0	0	9
7	-2	4
5	-4	7
3	-3	5
3	-1	6
2	-4	6
3	-2	16
2	-8	2
2	1	3
4	4	1
5	-2	16
1	-3	6
1	-2	15
2	0	9
3	-13	1
4	2	15
0	-10	2
1	-1	2
1	-8	3
11	16	1
1	0	7
4	-1	4
4	1	6
0	-6	2
0	-1	5
8	0	1
1	-11	3
5	2	1
1	-7	1
35	3	5
2	-1	9
4	-6	1
6	-2	4
5	-3	4
5	-5	2
3	2	1
2	-3	1
21	20	1
6	-4	2
37	2	1
2	-10	4
2	2	4
6	-3	4
13	25	1
5	-1	4
7	-1	3
1	-6	1
0	1	1
6	2	1
7	1	1
0	-5	7
7	6	1
7	-3	1
12	-9	1
2	-12	2
38	4	1
17	22	1
0	32	1
6	1	3
1	-13	1
2	-5	3
7	-5	1
6	-1	2
3	1	3
1	-9	2
11	1	1
5	31	1
25	0	1
2	3	1
32	-3	1
9	0	2
0	-8	1
1	33	1
1	1	1
4	-14	1
7	3	1
3	-6	1
24	-6	1
49	62	1
4	-11	1
28	-6	1
13	27	1
34	2	1
35	2	1
