0	-5	8
1	-2	7
4	2	12
1	-5	6
1	-4	2
3	-1	8
0	-4	4
6	-5	2
1	-9	1
2	-2	10
35	3	3
1	-6	3
0	-2	16
4	-2	9
4	0	10
2	-3	4
1	0	6
2	0	12
3	3	2
5	-2	10
3	-6	2
15	2	1
3	-4	6
2	-1	7
5	-5	7
3	-2	19
1	-3	5
0	-1	9
1	-8	1
4	1	7
2	-6	5
1	-10	2
5	0	8
1	-7	3
6	-3	6
7	0	3
2	-10	2
5	-3	3
8	0	1
4	-5	2
5	-4	11
3	-8	1
8	-2	1
24	25	1
0	-3	5
4	-1	5
3	0	13
2	-5	3
11	-7	1
7	-1	2
9	19	1
7	-2	2
6	-4	4
7	3	1
2	-4	7
1	-12	1
13	-7	1
21	21	1
34	3	6
3	-5	2
1	-1	1
4	-4	2
36	1	1
5	-11	1
4	-3	2
3	-10	1
24	1	1
26	0	2
2	-9	1
3	2	3
6	1	2
35	2	1
0	-6	4
1	2	3
3	-3	3
1	-16	1
0	-12	1
0	-8	1
33	1	1
0	0	2
5	-6	3
5	-1	3
9	-3	1
3	1	4
0	-10	2
7	7	1
4	-11	1
21	3	1
23	2	1
5	5	1
1	-14	2
3	-12	1
74	29	1
11	2	1
4	37	1
0	-11	1
53	22	1
1	-11	1
46	18	1
96	52	1
17	2	1
13	27	1
11	-11	1
