0	-4	2
0	-3	5
3	0	17
1	0	6
2	-8	3
0	-5	5
2	-4	7
1	-2	9
0	0	7
5	-2	10
5	0	22
0	-1	7
2	-3	3
6	0	1
28	0	1
4	-2	11
4	0	7
3	-2	11
2	0	16
3	-1	3
3	-4	6
0	-2	8
1	-4	3
6	-2	2
34	3	9
0	-7	4
6	-3	7
5	-5	5
4	2	4
2	-1	8
1	2	3
4	-1	5
0	-6	8
1	1	3
1	-1	3
2	-6	4
15	-11	1
5	-1	4
2	-2	10
5	1	2
5	2	3
29	0	1
1	-3	5
7	-1	2
2	2	6
5	-7	1
19	22	1
1	-5	1
9	0	1
4	1	3
4	-3	3
4	-5	1
0	2	2
2	1	2
5	-6	3
1	-6	3
1	-7	1
5	-4	3
2	-12	2
18	3	1
5	-3	1
7	0	2
3	2	2
41	13	1
3	1	2
0	-15	1
14	-1	1
21	3	1
6	-1	1
6	-7	1
7	-2	2
11	-5	1
10	10	1
37	4	1
6	-4	1
6	-13	1
35	2	2
3	-7	1
3	-5	1
24	1	1
3	-3	1
4	-4	1
8	-2	1
6	-6	1
0	-13	1
8	-12	1
73	43	1
21	20	1
2	-9	1
120	68	1
12	1	1
7	-4	1
11	-4	1
75	53	1
2	-5	1
1	-9	1
1	-8	1
11	-3	1
3	3	1
