0	-5	3
0	-6	5
6	-7	1
1	0	8
4	-2	9
0	-7	4
2	-11	1
1	3	2
34	3	6
0	-2	11
6	-2	5
1	1	5
2	0	3
3	-2	9
5	-2	7
5	0	18
0	0	7
2	1	4
18	3	2
0	2	2
4	0	3
2	-4	11
1	-3	5
1	-12	1
3	-3	5
5	-3	4
0	-3	9
1	-11	2
34	4	1
3	-1	13
3	0	17
3	-5	4
2	-5	4
0	-10	1
29	0	1
6	-4	5
4	2	6
2	-12	1
2	-3	3
4	-1	6
7	0	3
16	-13	1
10	12	1
6	0	6
35	3	1
3	-7	1
1	-9	2
2	-1	13
1	-1	4
0	-16	1
3	2	3
1	-2	6
7	23	1
2	-2	9
11	17	1
10	1	1
0	-1	4
3	1	1
26	-5	1
2	-13	2
2	-8	2
1	-7	1
2	3	1
4	-3	1
1	-5	1
1	2	2
25	1	1
5	-4	2
47	21	1
3	-4	2
11	-11	1
1	-8	3
0	-4	3
30	0	1
15	-13	1
5	-5	5
2	-10	1
3	-6	1
3	3	2
2	-17	2
21	23	1
1	-4	4
9	-3	1
4	-12	1
6	-3	2
5	-1	1
5	-6	2
0	1	2
11	1	1
53	22	1
12	1	1
26	0	1
20	26	1
1	-13	1
2	2	1
11	-13	1
7	7	1
10	-4	1
0	-8	2
8	0	1
97	54	1
4	1	1
80	58	1
4	-6	1
8	-3	1
3	-10	1
7	-2	1
