0	-5	12
5	0	22
2	-4	10
0	-6	9
3	0	19
2	-3	2
5	-1	5
0	0	8
0	-8	1
34	3	10
1	-2	13
0	-2	14
7	0	3
3	-2	12
5	-4	5
0	-3	1
2	-6	2
6	0	3
1	0	11
34	1	1
5	-2	6
4	0	7
2	-2	6
3	-4	1
3	-3	2
3	-1	7
4	-2	6
0	-7	2
5	-6	6
1	-7	2
3	-14	1
4	2	9
2	-1	9
2	2	4
4	-1	4
1	-4	5
21	-11	1
24	1	1
13	-5	1
35	1	1
0	-1	4
14	-11	1
1	-1	5
5	-3	6
5	5	1
10	14	1
7	-1	1
3	-5	5
3	1	7
3	-6	4
1	3	2
2	-5	2
1	-3	4
17	21	1
5	2	3
10	-5	1
2	-7	2
1	-6	4
2	0	10
17	2	2
2	-10	2
26	0	1
6	-3	3
2	1	5
38	5	1
1	-15	1
6	-2	3
4	1	3
14	-2	1
29	0	1
2	-8	2
9	-3	2
7	-11	1
10	-4	1
6	6	1
6	-4	4
6	-11	1
4	-4	3
28	0	1
1	-5	1
30	0	1
39	6	1
4	-12	1
9	-1	1
1	-13	1
1	1	1
0	2	2
6	-10	1
1	-11	1
2	-11	2
4	-3	3
21	3	1
0	-4	2
4	-5	1
1	-8	1
7	-3	1
80	58	1
0	1	1
94	66	1
1	-10	1
12	-4	1
5	1	1
