0	-4	3
5	0	24
1	-4	6
3	0	15
3	-2	11
6	-2	6
0	0	7
1	-8	3
0	-5	9
34	3	10
4	2	9
2	-2	8
2	-4	7
0	-2	9
4	0	11
4	-2	12
4	-4	1
2	-5	4
1	0	7
31	0	1
3	-4	4
5	-3	6
2	-1	8
0	-7	3
1	-2	10
5	-5	4
1	-3	4
1	-7	2
5	-6	3
2	0	15
0	-3	2
2	-3	3
1	2	1
1	-5	2
4	-1	4
0	-1	9
18	-10	1
3	-3	2
3	-1	7
4	-15	1
27	0	2
5	-1	3
32	1	1
17	-10	1
2	2	3
3	1	3
3	-6	2
1	-1	3
1	3	1
3	3	1
18	22	1
5	1	2
9	-5	1
2	-7	2
3	2	2
14	2	1
4	-3	3
0	2	2
4	-6	1
5	-4	3
2	-11	1
6	-3	3
24	1	1
5	-2	5
40	8	1
0	-6	6
2	1	5
4	1	2
14	-1	1
6	0	4
2	-8	1
9	-2	1
6	-9	1
10	-4	2
8	8	1
2	-6	2
35	2	1
6	-4	2
53	21	1
2	-10	2
6	-12	1
31	1	1
3	-8	1
3	-5	3
7	-2	1
4	-12	1
6	-5	2
7	0	1
0	1	2
7	-11	1
73	43	1
1	-6	1
21	21	1
120	68	1
1	1	1
15	2	1
4	-5	1
7	-4	1
5	2	2
78	55	1
94	66	1
1	-10	1
11	-3	1
