0	-3	3
0	-5	6
4	2	8
3	-2	19
10	-4	2
4	-7	1
1	-4	2
2	-4	13
3	-5	2
2	-1	7
5	-5	2
5	0	18
1	-3	9
2	0	16
6	-2	5
1	0	9
0	0	7
23	2	2
0	2	5
3	0	19
6	-3	5
2	-6	2
4	-2	10
2	1	3
6	-4	3
34	3	10
5	-4	4
0	-4	4
2	-10	2
5	-2	7
3	-1	10
3	-3	5
6	0	5
2	-5	6
17	-14	1
4	-3	6
5	-1	3
0	-7	3
0	-2	11
0	-6	7
11	-7	1
1	-2	6
7	0	2
18	3	1
8	0	1
31	-3	1
3	3	1
3	2	2
5	-3	1
2	2	3
4	1	4
5	1	1
2	-2	5
17	21	1
0	-8	1
8	6	1
1	1	3
7	-9	1
1	-9	2
3	-4	2
3	-6	1
22	3	1
7	7	1
1	2	4
53	23	1
8	8	1
0	-15	2
4	-1	1
13	-4	1
4	0	6
0	1	1
1	3	1
7	-1	1
14	-2	1
12	19	1
47	18	1
6	-14	1
5	-6	2
1	-7	1
5	2	1
2	-3	4
0	-1	5
3	-11	1
6	-1	1
1	-8	2
3	1	4
18	-15	1
10	1	1
15	19	1
122	69	1
6	-5	2
1	-1	1
1	-10	1
3	-10	1
10	-12	1
9	-4	1
11	-6	1
66	43	1
10	11	1
11	-4	1
8	-3	1
7	-2	1
