3	-4	5
0	-2	15
0	-7	3
4	0	8
5	-1	5
0	-5	5
2	-6	3
9	0	1
4	2	8
2	-2	12
1	0	10
5	0	18
1	-11	1
0	-4	6
5	-2	15
0	2	1
3	0	11
5	-3	8
1	-4	2
1	-7	7
7	-1	2
4	-4	3
3	-3	5
3	-1	12
2	-4	6
4	-1	5
2	-8	1
3	1	4
3	2	4
3	-5	2
1	-2	8
1	-3	6
0	-6	5
5	-5	2
1	-9	2
31	-18	1
2	-13	1
0	-10	1
4	-3	3
2	0	11
5	-4	6
1	-10	2
12	19	1
4	-2	9
1	-1	3
8	-2	1
3	-2	13
5	1	3
8	0	5
35	3	4
0	0	3
4	-6	1
4	1	5
5	3	1
6	-2	2
6	-6	1
21	21	1
4	-11	2
6	-4	1
37	1	1
1	-8	3
1	-6	2
35	2	1
0	-3	5
0	-1	7
2	-5	2
4	-5	1
0	1	2
6	-5	3
6	0	2
7	0	1
2	-1	9
1	-5	2
5	23	1
1	1	2
2	-3	1
10	1	1
1	-12	1
2	-7	2
5	2	2
6	-1	3
9	6	1
7	-4	1
13	-8	1
3	-11	1
38	4	1
17	21	1
0	30	1
0	-9	1
6	-3	4
12	20	1
7	-2	4
1	-13	2
2	1	1
0	-12	1
2	-10	2
4	31	1
28	0	1
2	3	1
2	2	1
35	-3	1
3	-6	1
12	1	2
1	33	1
4	-14	1
7	3	1
6	1	1
2	-14	1
53	57	1
3	-12	1
31	-4	1
29	0	1
89	58	1
37	4	1
5	-6	1
