3	-4	9
0	0	8
4	-5	1
4	0	7
0	-8	2
9	-1	1
5	0	30
0	-3	11
0	-6	3
3	0	15
4	2	10
2	-2	14
1	-9	2
0	-2	14
3	-2	13
1	2	2
5	-2	10
1	-4	1
1	-10	4
7	-2	5
5	-3	6
7	0	2
2	-1	9
1	-3	2
2	-7	2
7	7	1
4	-4	5
5	-4	4
2	-4	3
25	-19	1
5	-1	3
3	-13	1
0	-4	6
0	-10	1
0	-5	7
2	0	9
1	-2	14
2	-6	5
10	15	1
4	-1	3
4	1	4
1	0	4
0	-7	4
9	-2	1
1	-12	2
11	1	1
2	-8	1
35	3	5
2	1	2
3	2	3
4	-2	8
7	-1	4
3	-1	7
6	-5	2
1	-1	6
20	18	1
5	-11	1
6	-4	3
38	3	1
30	0	1
3	1	3
2	2	4
0	-1	4
2	-9	4
15	26	1
1	-5	1
3	22	1
2	-3	2
4	3	1
0	-11	1
6	-2	4
6	6	1
12	-9	1
6	-3	2
2	-11	1
38	4	1
17	24	1
1	32	1
11	23	1
2	-13	1
5	-5	1
2	3	1
5	2	1
0	-16	1
6	-6	1
4	4	1
4	-3	1
8	0	1
2	-10	1
6	31	1
20	3	1
3	3	1
3	-6	1
31	-1	1
6	0	3
1	33	1
0	1	1
2	-5	3
6	1	1
47	64	1
1	-11	1
3	-12	1
26	-8	1
1	1	1
21	3	1
87	63	1
7	-5	1
14	26	1
34	3	2
5	-6	1
