1	-8	2
2	0	12
2	-4	9
4	-1	5
0	0	6
1	-4	5
34	3	7
4	2	7
5	0	21
7	-4	1
0	-3	7
0	-6	8
1	-1	8
1	0	9
0	-2	8
5	-2	7
4	-2	3
13	2	1
3	0	21
2	-5	3
3	-1	6
3	-4	6
2	-2	8
1	-2	8
0	-7	2
5	-6	4
3	-2	7
2	-14	1
0	-1	5
0	-5	8
2	-1	4
5	-1	2
0	-4	3
29	-6	1
1	-5	2
2	-7	2
2	-17	1
15	2	1
13	-5	1
9	-11	1
5	-4	7
1	-3	7
2	-6	3
6	0	4
2	1	4
1	2	4
10	14	1
2	-3	3
15	19	1
10	-5	1
6	-8	1
5	-3	6
0	2	2
3	3	2
1	-10	2
4	-3	2
35	1	2
8	-3	1
35	2	2
1	-14	1
4	1	3
13	-4	1
5	1	1
3	1	5
8	-2	2
1	1	2
4	0	6
13	-12	1
1	-6	2
2	2	2
6	-4	3
53	21	1
1	-12	2
6	-9	1
21	3	1
2	-9	1
4	-4	2
40	8	1
6	-2	1
0	1	1
0	-8	1
7	0	2
71	44	1
21	23	1
5	-5	3
6	-3	2
26	0	1
3	-6	2
3	-3	1
11	1	1
35	3	1
7	-3	1
4	-5	1
7	-2	1
5	2	1
83	66	1
1	-7	1
93	66	1
2	3	1
1	-13	1
12	-4	1
