0	-4	7
1	-3	4
9	-4	1
0	-1	7
0	-5	13
1	-5	3
5	-2	8
2	-10	2
0	3	1
34	3	8
4	2	8
3	-2	16
7	-1	4
3	0	15
2	0	12
2	-6	2
2	-2	11
5	0	9
0	-6	4
10	1	1
1	2	5
3	-1	10
2	-3	6
1	-10	4
0	-2	7
7	-2	3
0	0	11
35	3	2
2	-4	5
1	-1	4
1	-4	5
6	-2	5
4	-5	1
1	-8	3
18	3	1
6	-4	3
5	-11	1
4	-2	9
5	-1	1
4	0	9
1	-2	13
16	19	1
6	-3	1
1	-13	1
3	-5	1
4	1	5
17	29	1
32	1	1
1	0	4
3	-6	1
0	-11	2
4	-4	2
1	-16	1
3	2	3
2	-1	5
11	23	1
6	0	1
1	33	1
8	-3	1
1	-6	2
7	0	2
1	1	4
6	-1	2
9	9	2
27	-7	1
0	-7	3
6	-6	2
5	2	2
2	-13	1
2	-11	3
0	-8	1
2	3	1
0	-14	1
3	-3	3
6	-5	2
42	14	1
5	-4	5
6	-8	1
19	3	1
7	-12	1
4	-6	1
0	-17	1
21	22	1
0	-3	4
1	-7	1
5	-3	1
12	-12	1
3	1	1
9	-3	1
13	25	1
15	2	1
5	-6	3
0	1	2
2	1	2
43	15	1
6	2	1
7	-6	1
12	1	1
21	23	1
1	-14	1
2	2	2
97	62	1
4	-1	3
11	16	1
10	12	1
8	-2	1
2	-5	2
20	3	1
98	56	1
10	6	1
0	2	1
5	1	1
4	-3	1
