0	-5	7
4	-3	3
3	0	15
4	-5	1
0	-4	2
5	-2	5
0	0	8
1	-6	3
1	-2	10
34	3	14
2	-3	5
0	-1	9
2	0	9
5	0	14
8	-4	1
2	-2	13
6	0	3
4	1	5
5	-4	8
27	0	1
1	1	4
3	-4	4
2	-5	3
4	-1	4
0	-2	11
2	-1	8
0	-6	6
1	-4	3
2	2	3
0	1	2
0	-8	2
5	-5	3
2	-12	1
4	-2	9
4	2	4
1	-5	1
2	-8	4
3	-2	6
1	0	8
3	2	1
1	-3	4
2	-4	13
5	-1	7
0	-7	2
31	0	1
1	-1	2
2	-7	1
2	-17	1
6	2	1
0	2	2
6	-3	2
4	0	9
6	-11	1
6	-4	4
11	19	1
4	25	1
1	-7	5
3	-5	3
7	0	2
2	1	2
0	-3	3
10	18	1
35	3	2
11	15	1
9	-4	1
1	-10	3
6	-10	2
22	3	1
1	2	2
2	3	1
3	-3	3
7	-4	1
3	-6	2
5	-3	6
35	2	1
12	-5	1
5	1	2
3	1	6
4	-4	4
20	-17	1
6	-2	2
23	2	1
51	20	1
1	-12	1
12	1	1
3	-1	3
7	1	1
10	11	1
1	-9	1
34	1	1
4	4	1
40	10	1
3	-12	1
8	0	1
1	-8	1
70	46	1
3	3	1
20	26	1
0	-13	1
6	-9	1
5	-6	1
6	-5	2
35	1	1
93	71	1
6	-1	1
12	-4	1
2	-6	1
