2	-4	13
4	0	11
4	2	10
1	-5	5
3	-1	7
0	-5	9
2	-10	2
1	-2	13
34	3	9
0	-6	5
1	-10	2
2	0	11
0	-2	17
3	1	3
0	0	5
2	-5	4
2	1	3
2	3	1
5	-2	8
1	0	5
23	2	1
3	0	14
3	-4	4
3	-2	25
5	-4	8
0	-3	9
4	-4	3
4	-1	5
0	-1	3
1	-7	1
5	0	18
2	-6	3
2	-11	1
4	1	3
3	-5	5
1	-1	2
19	-16	1
4	-2	9
1	-9	3
5	2	2
6	-3	3
7	-1	1
5	-3	7
2	-2	6
4	-5	2
6	-2	2
4	-7	1
7	0	6
23	24	1
3	3	3
9	-5	1
5	-6	2
1	-6	2
7	1	1
3	2	1
7	-2	1
6	21	1
9	-3	2
2	-1	8
1	-4	2
1	-12	2
13	-7	1
20	18	1
1	-3	2
7	-4	1
5	-11	1
1	-8	2
2	-9	2
32	1	1
6	1	2
31	0	1
4	3	1
12	-8	1
1	2	2
3	-3	1
5	-5	7
1	-13	1
5	-1	2
37	5	1
6	-4	1
9	10	1
21	-8	1
0	2	1
4	-3	1
4	-6	2
4	4	1
6	-5	2
8	-11	1
12	1	1
0	1	1
1	1	1
29	0	1
9	9	1
1	-14	1
78	33	1
11	1	1
1	3	2
7	37	1
20	21	1
48	19	2
1	-17	1
54	23	1
2	-3	1
96	52	1
25	0	1
13	27	1
0	-9	1
40	8	1
9	-11	1
