0	-4	5
3	1	5
4	-4	4
4	-10	2
3	0	19
0	-5	6
5	-2	10
0	0	3
0	-6	6
1	-2	6
34	3	9
4	2	7
2	-3	7
0	-2	15
11	-4	1
2	0	15
5	0	15
8	-4	1
4	-2	5
1	-6	4
6	0	4
3	-2	8
35	2	4
5	-4	7
6	-1	2
30	0	1
2	1	5
1	-10	2
2	-4	11
2	-5	5
2	-1	9
5	-1	6
1	-8	3
2	3	2
0	1	1
0	-9	1
6	-3	2
2	-10	1
5	-3	5
2	-8	1
3	-1	4
0	-1	9
4	0	8
3	2	3
3	-4	5
1	-1	2
27	60	1
0	-13	1
34	1	1
1	0	6
2	-7	1
9	-4	1
4	-1	7
0	2	2
6	-4	4
4	1	4
2	-2	8
5	1	2
0	-7	2
35	1	1
3	-5	5
7	0	3
2	-6	2
1	-3	5
8	16	1
35	3	4
10	12	1
3	-3	3
6	-10	1
22	3	1
0	-3	1
7	-4	1
3	-7	1
37	4	1
4	-3	3
1	-4	1
12	-6	1
1	2	2
22	-18	1
20	3	1
51	20	1
5	-6	3
9	0	1
5	-7	1
10	1	1
10	14	1
1	-5	1
6	-5	3
1	-11	1
28	0	1
6	6	1
40	10	1
3	-12	1
6	-2	1
1	1	1
1	-7	2
69	47	1
3	3	1
5	-5	1
20	26	1
0	-14	1
6	-11	1
119	66	1
1	-9	1
2	2	2
34	2	1
86	65	1
2	-9	1
1	3	1
0	-10	1
1	-12	1
12	-5	1
4	-6	1
