0	-4	2
2	-2	14
4	-1	5
4	2	13
2	-4	8
3	-1	12
5	-4	9
34	3	8
1	-6	4
0	-2	16
1	-12	2
2	0	10
2	-3	2
3	0	15
0	0	3
2	-6	3
2	-5	7
20	3	1
0	-5	9
3	-4	5
2	-1	7
3	-2	15
6	-4	6
0	-3	6
1	-3	7
2	-8	2
1	0	5
1	-8	3
4	1	5
35	2	1
2	-11	1
1	-2	4
5	0	16
5	-2	7
6	-3	2
7	-1	4
5	-3	4
4	-2	14
4	-5	2
6	-2	2
4	-7	1
9	-2	1
24	25	1
3	2	3
5	-5	7
0	-6	5
9	-1	1
4	0	9
7	18	1
8	-3	1
8	-2	1
6	-5	4
13	-8	1
7	0	1
21	20	1
0	-7	2
4	-4	3
37	2	1
5	-11	1
0	-1	5
1	-9	2
2	-9	1
29	0	2
1	-5	1
5	1	1
3	-6	3
34	1	1
3	1	1
5	2	1
5	-1	1
1	2	2
3	-3	2
3	-5	3
1	-16	1
0	-13	1
1	-1	4
36	3	1
6	5	1
9	-3	1
32	1	1
4	-3	2
20	-7	1
0	2	2
5	-6	3
26	0	2
1	-7	1
2	1	4
6	6	1
6	-11	1
15	2	1
0	1	2
7	7	1
1	-14	1
77	31	1
11	1	1
5	37	1
20	21	1
0	-10	2
6	1	2
50	21	1
1	-15	1
51	21	1
96	51	1
23	2	1
1	-4	2
46	17	1
41	9	1
10	-11	1
2	-10	1
