4	-4	5
4	0	12
3	0	17
4	2	8
1	-2	12
3	-6	5
5	-1	7
0	0	6
34	3	8
5	-2	13
0	-3	7
1	-7	3
2	0	9
1	-3	7
3	-2	12
1	1	4
1	-1	2
0	-4	2
34	1	2
0	-6	5
2	-2	8
4	-2	5
6	-6	3
1	-4	4
1	0	7
15	2	1
0	-2	22
2	-9	3
3	3	1
1	-5	3
5	0	14
12	-12	1
3	-4	4
3	-12	2
7	2	1
1	-8	3
0	-1	3
6	-2	3
5	-4	8
5	-5	2
21	23	1
3	-3	5
3	-5	2
4	-1	4
9	10	1
7	0	3
6	-5	2
6	0	3
1	-9	2
0	1	2
5	5	1
2	28	1
12	-5	2
11	-5	1
3	-1	9
4	-3	5
2	1	4
3	2	2
0	-10	2
12	19	1
6	-10	1
5	-11	2
1	-11	1
1	-12	4
2	-7	1
4	1	3
3	1	4
20	3	1
5	-6	3
2	-5	5
0	2	3
2	-3	1
0	3	1
2	-1	11
6	1	1
5	1	1
19	3	1
4	-6	2
0	-8	1
39	7	1
0	-7	2
11	16	1
2	-4	2
2	-6	4
0	-5	1
9	-5	1
9	-3	1
10	11	1
6	-3	2
21	-10	1
5	-3	1
8	-15	1
5	2	1
11	17	1
1	-14	1
10	-11	1
85	43	1
4	-5	1
6	-9	1
1	33	1
6	-4	2
21	20	1
41	10	1
0	-17	1
52	28	1
1	2	2
97	53	1
14	25	1
8	6	1
2	-8	1
58	27	1
