3	-7	1
0	-5	9
2	-6	2
4	-1	5
0	-4	4
1	-7	2
3	1	6
5	-3	7
2	-2	9
23	2	3
0	-3	8
3	-1	12
1	-15	1
5	-2	12
4	-2	9
3	-2	14
7	-1	3
4	-3	3
1	-4	4
3	-3	6
6	-2	2
0	-2	14
1	-3	6
4	0	7
0	-8	2
7	-5	1
6	-3	4
2	-4	8
4	-4	3
3	-11	1
0	0	6
2	-5	4
2	-3	2
1	-11	3
5	0	12
39	-22	1
2	1	2
1	-9	3
4	2	9
1	-2	9
0	-6	3
6	-4	4
2	-13	1
21	19	1
5	-1	10
2	-1	6
6	-1	1
3	0	9
12	-5	1
1	0	9
2	0	9
10	-5	1
0	-1	6
5	-4	10
1	-6	2
9	2	1
21	24	1
1	-10	2
36	-1	1
2	-10	2
0	-7	3
24	3	1
24	1	1
4	1	3
5	-5	2
6	0	1
14	2	1
35	3	3
1	-5	4
8	18	1
2	2	2
11	-8	1
27	0	2
1	2	2
7	0	3
9	0	1
11	5	1
7	-4	1
1	-12	2
11	17	1
6	21	1
10	1	1
13	2	1
5	5	1
0	-13	1
6	-5	1
3	-6	2
9	-3	1
1	-1	5
1	-8	2
0	-12	1
3	-4	1
5	31	1
34	4	2
0	3	1
1	1	1
47	4	1
11	-5	1
1	-14	1
3	-5	1
2	-8	1
5	36	1
0	1	1
4	-14	1
4	4	1
6	1	1
8	-3	1
63	47	1
3	-12	1
2	-11	1
34	3	1
96	53	1
29	0	1
41	7	1
5	-6	1
