1	-4	6
2	1	6
2	-4	7
1	-6	2
3	-2	10
1	-9	3
0	0	5
34	3	10
4	2	7
2	-1	13
9	-3	2
5	0	19
5	-1	3
4	0	7
3	0	12
35	3	1
5	-3	2
38	4	1
1	1	3
1	-13	1
2	0	13
2	-2	8
3	-4	2
6	0	6
0	-3	4
1	-10	2
0	-1	5
0	-6	7
5	-2	4
4	-3	1
3	3	1
2	2	1
5	-5	3
0	-2	8
5	1	3
2	-8	2
3	-1	8
1	-2	4
1	3	2
4	-2	4
4	-1	5
0	-5	4
1	2	3
2	-5	9
27	56	1
0	-13	2
1	-16	1
6	-4	3
23	2	1
2	-7	2
2	-6	1
3	-3	4
5	17	1
29	0	1
27	0	2
1	-3	3
5	5	1
5	2	2
31	1	2
3	2	1
6	-9	1
1	-8	4
1	0	4
2	3	2
28	0	2
0	-8	2
42	14	1
11	-8	1
0	-7	4
3	1	5
6	-2	1
3	-5	3
24	-20	1
5	-4	3
11	-6	1
11	1	1
44	16	1
0	2	4
6	-5	2
18	19	1
4	1	5
20	3	1
38	6	1
2	-12	1
64	39	1
19	26	1
1	-11	1
108	61	1
1	-7	2
4	-4	1
0	-12	1
2	-3	3
6	-6	1
90	58	1
12	-5	1
4	-5	1
