1	-5	2
8	-6	1
0	-1	5
3	-2	10
0	-7	5
0	-5	7
4	-2	7
2	-10	2
1	3	1
34	3	8
4	2	10
0	-2	13
2	-2	13
7	-1	1
2	1	5
2	0	10
3	-3	4
5	0	14
1	1	6
15	2	1
0	2	1
4	1	1
2	-4	6
38	4	1
1	-3	8
1	-11	2
0	-6	4
5	-2	5
0	-4	7
0	0	9
2	-11	1
35	2	2
3	0	14
5	-5	2
4	0	7
1	2	7
2	-3	4
3	-5	5
6	-2	9
0	-10	1
24	1	1
5	-4	4
3	-12	2
5	-1	5
4	-3	2
1	-2	12
1	-4	3
6	0	5
13	-12	1
0	-3	7
11	18	1
1	-10	3
2	-1	14
35	3	1
1	0	3
3	-7	1
1	-9	3
0	-9	1
6	1	2
0	-16	1
3	-1	4
3	-4	3
7	23	1
1	33	1
4	-1	5
11	15	1
27	-6	1
5	-6	2
3	2	3
2	-9	2
1	-7	1
6	-6	1
4	-4	3
26	0	1
6	-4	6
48	19	2
8	-11	1
1	-8	2
27	0	1
6	-3	2
9	-9	1
12	-12	1
2	-8	1
2	-13	1
2	-5	2
4	-5	1
23	1	1
21	23	1
5	2	1
3	1	3
9	-3	1
21	3	2
6	-5	1
2	-6	1
5	-7	1
3	3	2
21	25	1
1	-14	1
2	2	1
99	71	1
11	-13	1
4	4	1
10	-4	1
2	-7	1
0	-8	1
12	1	1
2	-17	1
52	22	1
1	-1	1
7	7	1
5	-3	1
76	53	1
4	-6	1
7	-2	1
3	-11	1
