1	-4	6
3	0	15
9	-2	1
0	-1	10
0	-2	12
0	-4	6
1	-5	4
5	-1	4
0	3	1
34	3	6
4	2	10
4	-2	12
7	-1	2
2	-7	1
5	0	13
1	-6	2
2	0	9
1	0	9
5	2	4
1	2	4
2	-3	9
3	-1	12
38	4	1
2	1	5
0	-5	9
1	-9	3
7	-2	4
5	-2	6
0	-6	4
0	-3	6
2	-1	5
0	0	7
1	-10	2
35	2	1
3	1	4
2	-4	8
5	-4	9
3	-3	1
5	-6	4
2	-6	2
15	2	1
6	0	1
7	-11	1
2	-2	7
2	-5	4
19	18	1
3	-5	1
5	-5	2
4	1	4
15	27	1
26	0	1
1	-2	12
3	-6	1
4	0	4
1	-7	3
0	-11	1
4	-5	1
1	-15	1
3	-2	17
11	20	1
1	32	1
7	0	1
2	2	4
1	1	3
7	7	1
1	-1	4
29	-5	1
6	-6	1
35	1	1
5	1	1
2	-13	1
1	-3	6
2	-11	1
2	3	1
6	-5	2
1	3	1
1	-14	2
3	2	3
0	1	4
30	0	1
41	11	1
6	-7	1
1	-8	2
16	2	1
8	-10	1
3	-4	2
6	-10	1
1	-13	1
4	-3	4
6	-3	4
32	1	1
21	20	1
12	-12	2
2	-10	1
14	25	1
6	-2	2
12	1	1
6	-4	1
6	1	1
41	10	1
4	-4	2
6	-8	1
9	0	1
21	22	1
97	59	1
10	19	1
10	13	1
0	-12	1
0	-18	1
0	2	1
98	56	1
11	5	1
68	45	1
4	-6	1
0	-7	1
1	-11	1
