1	-5	4
1	-1	7
2	-5	4
0	-5	12
2	-2	13
0	-2	11
0	-7	4
4	-2	6
4	2	10
1	-6	5
1	-15	1
4	-1	6
5	0	13
2	1	2
1	-8	3
1	0	9
7	0	4
3	0	13
3	-5	5
9	0	1
3	-2	14
1	-2	13
0	-3	6
5	1	1
6	-4	3
2	-4	7
3	-7	2
2	0	10
1	-9	3
1	-10	3
1	-3	4
6	0	1
5	-4	10
9	-4	1
4	-5	4
5	-2	9
0	1	2
6	-7	1
8	-2	1
24	24	1
3	-1	6
2	-1	8
30	0	1
3	-3	3
15	-11	1
35	3	2
5	-5	5
2	-6	4
4	1	2
11	15	1
5	-1	3
7	-2	3
5	-3	6
6	-5	6
3	-4	5
2	-11	1
11	-6	1
4	-4	6
37	4	1
2	-8	2
0	0	4
0	-1	2
6	-3	4
4	0	8
0	-4	4
2	-10	1
18	3	2
2	2	3
34	3	5
2	-7	1
4	-3	3
35	2	2
0	-6	1
3	-6	2
1	-4	1
0	-10	1
28	0	1
4	-6	1
6	-2	2
9	-3	1
7	-1	1
0	-8	1
11	17	1
26	0	1
1	3	1
12	1	1
15	2	1
3	2	2
1	1	1
1	-14	1
2	-12	1
72	23	1
0	-12	2
1	2	1
4	37	1
6	1	2
59	28	1
6	-1	1
1	-11	1
2	-9	1
42	14	1
95	53	1
11	1	1
2	-3	1
44	9	1
11	-13	1
1	-7	1
