3	0	19
1	-4	7
8	-4	1
0	-1	7
0	-6	8
1	-5	2
4	-2	11
2	-10	3
1	3	1
34	3	9
4	2	13
1	-2	15
7	-1	2
2	0	8
3	-5	2
3	-2	11
5	0	17
1	1	3
12	1	1
0	2	1
2	-4	4
38	4	1
1	0	11
1	-11	2
0	-2	12
5	-2	3
0	-7	4
0	-4	3
0	0	8
1	-3	7
35	3	1
5	-5	3
3	-1	7
1	2	6
2	-2	13
2	-5	4
7	-2	3
4	-5	1
21	3	1
4	-11	1
8	-12	1
6	-1	2
13	19	1
6	-2	6
1	-12	1
5	-6	5
2	-1	11
17	32	1
0	-3	4
34	2	1
2	-7	1
1	-9	2
0	-10	1
7	0	2
4	-3	4
1	-16	1
9	24	1
6	0	3
1	33	1
0	-5	8
2	-3	5
5	-1	3
10	12	1
27	-6	1
2	-13	1
0	-8	2
1	-10	2
6	-6	1
0	-14	1
2	1	3
3	-4	4
3	2	3
26	0	2
6	-4	5
3	1	3
46	17	2
7	-9	1
2	-8	1
24	1	1
4	-1	4
9	-9	1
1	-1	2
9	-12	1
1	-13	1
5	-3	4
5	2	1
4	0	4
0	-17	1
4	-4	2
21	22	1
9	-3	2
2	-12	1
13	25	1
5	-4	2
3	-3	2
6	-3	1
1	-7	2
9	0	1
7	-5	1
18	3	1
22	24	1
1	-14	1
97	65	1
10	14	1
0	-9	1
14	2	1
2	-17	1
98	56	1
7	7	1
9	6	1
74	51	1
2	2	1
2	-6	1
