0	-6	8
5	0	21
2	-4	11
0	-7	4
2	0	10
5	-1	7
0	0	6
0	-8	1
0	-5	8
34	3	14
4	2	7
1	-2	10
0	-1	8
2	-2	7
6	-4	4
0	-3	5
2	-6	4
6	0	5
1	0	12
35	3	1
5	-2	7
7	0	2
2	-1	8
3	0	20
2	-3	2
3	-2	14
3	-4	8
0	-2	8
5	-6	3
39	6	1
3	-14	1
3	2	1
4	-2	3
35	-18	1
4	-1	4
1	-9	1
24	-10	1
2	-5	6
2	-7	3
1	-1	5
2	-16	1
18	3	1
13	-5	1
1	2	2
12	-11	1
5	-3	8
8	8	1
11	18	1
7	-1	2
3	-5	3
3	1	3
1	-6	2
2	2	2
0	2	4
1	-3	4
16	19	1
10	-5	1
1	-7	2
5	-7	1
19	3	1
3	-1	5
0	-4	3
2	-10	2
32	0	1
7	-3	2
5	-4	7
36	3	1
4	0	7
1	-14	1
7	-2	1
4	1	4
13	-3	1
5	2	2
2	1	2
1	-4	4
9	-3	3
1	1	3
5	-5	1
10	-12	1
4	4	1
53	21	1
2	-11	2
6	-10	1
4	-4	1
24	1	1
2	-8	1
6	-3	2
3	-6	1
33	1	1
40	8	1
1	-5	1
3	-12	1
1	-12	2
6	-8	1
72	43	1
5	1	1
21	23	1
120	68	1
14	2	1
1	3	1
4	-3	1
81	61	1
0	1	1
94	66	1
3	3	1
12	-4	1
3	-3	1
