4	2	10
0	-1	4
1	-4	5
1	-3	3
0	-5	4
5	0	19
34	3	8
4	-1	3
4	-2	14
2	-4	7
0	-8	3
0	-4	5
2	0	12
3	-5	2
0	-2	12
1	0	7
3	-2	15
3	-3	4
2	-1	17
0	-7	4
2	-6	4
4	-3	5
5	1	1
5	-6	3
0	-3	9
1	-9	2
0	0	7
21	3	1
1	-1	8
5	-2	9
2	-8	2
3	3	1
1	-5	3
1	-2	8
7	-11	1
3	-4	5
8	2	1
0	-6	3
3	0	15
5	-4	4
2	-2	13
5	-5	2
21	22	1
4	-5	2
11	15	1
13	1	1
2	-11	2
1	-10	2
4	0	6
9	9	1
7	0	1
1	30	1
11	-4	1
12	-5	1
7	-1	1
2	1	2
3	2	5
9	-4	1
10	14	1
1	-6	1
4	-4	2
1	-7	3
6	-6	3
36	2	1
1	-12	1
1	2	5
0	-13	1
3	1	3
2	-5	3
5	-7	1
11	1	1
7	-4	1
6	0	2
4	-6	2
5	-3	2
1	3	1
2	-10	1
5	2	1
1	-8	2
5	-1	5
35	3	1
0	-11	1
40	8	1
6	-1	1
15	19	1
3	-7	1
14	-8	1
9	-3	1
3	-1	3
13	-9	1
0	1	2
3	-6	1
4	1	1
35	2	1
6	-4	1
2	-3	2
8	-16	1
18	18	1
1	-14	1
89	47	1
7	-10	1
6	-2	2
2	28	1
20	18	1
38	5	1
34	1	1
1	-13	1
52	29	1
97	53	1
0	2	1
12	24	1
10	5	1
61	31	1
6	-3	1
3	-12	2
