1	-3	7
2	1	2
4	-10	1
5	0	23
4	-3	2
1	-6	3
4	-2	5
1	0	4
0	-8	1
1	-1	3
34	3	10
4	2	8
2	-1	12
10	-4	1
8	-3	1
3	0	13
35	3	1
5	-3	6
2	-4	14
36	2	1
1	1	1
1	-12	1
2	0	14
2	-3	3
3	1	10
6	0	4
0	-3	3
1	-9	6
1	-5	1
0	-1	4
0	-6	4
5	-2	7
2	3	2
0	-9	1
5	-5	5
0	0	5
0	-2	7
2	-10	1
4	0	5
2	2	3
0	-4	1
4	-4	2
1	2	3
2	-6	2
2	-7	1
5	-4	3
1	-17	1
0	2	4
3	-1	9
6	-4	4
5	1	5
4	-1	4
5	-1	3
2	-2	6
0	-7	4
26	0	1
0	-5	2
3	-7	1
3	-3	5
5	17	1
30	0	1
7	7	1
35	2	1
6	2	1
5	-10	1
1	-7	5
3	-2	4
1	-4	1
29	0	1
2	-5	5
1	-2	4
41	12	1
11	-7	1
3	-4	3
24	-20	1
3	-5	3
3	-6	2
9	-4	1
14	2	1
46	18	1
12	20	1
6	-5	2
23	2	1
40	7	1
2	-12	1
0	1	1
4	-6	1
20	26	1
2	-11	1
113	63	1
1	-8	1
9	-1	1
30	1	1
0	-11	1
88	60	1
87	71	1
12	-5	1
4	1	1
7	-2	1
1	3	1
5	-6	1
