0	-5	13
1	-5	3
3	-2	15
2	-5	3
2	0	11
5	-4	14
0	-2	13
2	-1	8
28	0	2
2	-2	16
1	-15	3
0	-4	5
4	-2	8
3	0	15
0	-7	2
6	-3	4
5	0	18
0	-8	4
3	1	4
5	-2	10
6	-4	2
1	-4	3
3	-4	4
0	-1	6
1	-11	4
0	0	8
3	-7	2
2	-3	2
6	-2	2
1	-2	11
2	1	5
4	2	5
1	-8	3
6	-5	4
1	2	2
3	-13	1
21	22	1
14	-7	1
1	0	6
3	-3	2
4	1	3
8	-1	1
9	0	1
9	-4	1
7	-2	3
2	-6	5
6	0	1
5	-1	2
3	2	1
1	-3	6
9	3	1
4	-4	2
2	-4	7
3	-1	6
4	-3	2
22	25	1
1	-10	1
27	0	1
15	2	2
7	-1	4
0	-3	3
5	1	1
6	-1	2
6	6	1
20	3	1
34	3	2
5	-3	3
3	-5	3
4	0	3
35	3	3
0	-6	5
11	16	1
31	1	1
12	-8	1
35	1	2
3	-6	2
3	3	1
8	6	1
1	-12	2
5	-6	3
5	2	1
5	-5	2
9	19	1
11	1	1
19	3	1
2	2	3
22	-10	1
7	0	2
2	-8	1
1	-1	2
9	-3	2
0	-9	1
6	31	1
4	-1	3
2	3	1
0	1	1
2	-10	1
55	9	1
13	-3	1
6	37	1
2	-12	1
8	3	1
9	10	1
1	-9	1
23	1	1
64	43	1
3	-12	1
95	52	1
35	2	1
44	8	1
