0	-5	12
0	-1	4
1	-1	3
1	-5	4
3	-2	21
0	-3	5
6	-5	2
0	-8	2
4	-2	16
4	2	10
2	-2	10
1	-6	4
0	-2	17
1	-13	2
3	0	11
1	-2	8
5	0	10
1	1	2
1	-7	2
2	0	8
5	1	2
2	1	2
3	-6	3
12	1	1
3	1	6
3	-3	4
0	-4	7
6	-4	7
3	-8	2
1	-8	1
3	-7	1
1	-10	5
2	-4	4
0	-6	4
1	0	7
2	-3	2
0	-7	2
7	-1	3
7	0	2
6	-3	5
9	-2	1
4	-5	3
5	-2	7
0	0	6
8	-2	1
24	25	1
2	-1	8
11	-7	1
4	-1	4
3	-1	7
34	1	1
3	-4	5
14	-11	1
35	2	1
5	-5	4
4	1	1
11	17	1
6	-1	1
6	-2	3
2	-12	2
12	-7	1
7	-2	2
21	23	1
4	-4	4
34	3	5
2	-6	4
2	-7	1
38	3	1
1	-4	3
4	0	7
5	-4	9
4	-3	2
35	3	3
3	-10	1
5	-3	3
21	3	2
34	4	2
2	-5	5
2	-8	2
3	2	3
0	1	1
1	-3	2
7	-5	1
1	-12	2
31	0	1
5	-6	2
9	-3	1
26	0	1
20	-7	1
5	2	1
27	0	1
10	11	1
23	1	1
1	3	1
9	0	1
18	3	1
2	2	1
1	-14	1
73	26	1
11	2	1
1	2	1
4	37	1
6	0	2
21	19	1
0	-12	1
6	1	1
0	2	1
55	24	1
44	16	1
96	52	1
14	2	1
5	-1	1
13	27	1
41	14	1
3	-5	1
43	10	1
1	-9	1
