1	-6	2
4	-4	3
2	-9	1
2	0	15
3	-5	2
2	-4	14
4	-2	4
0	0	9
1	-8	1
1	-4	5
34	3	14
4	2	8
3	-3	2
9	-3	2
5	0	23
7	-5	1
0	-3	9
0	-6	6
6	0	3
0	-1	4
3	1	6
0	-2	12
5	-3	5
4	-1	4
3	-2	7
19	3	1
1	-7	3
3	0	20
3	-4	1
4	0	6
2	-1	8
1	-2	14
0	-7	3
40	8	1
1	0	6
5	-6	5
2	-13	1
0	-5	7
3	-6	7
5	-2	6
2	-2	2
3	2	1
5	-1	3
0	-4	4
1	-3	6
3	-1	9
31	-4	1
1	-5	2
1	-1	2
2	-7	1
2	1	4
7	-11	1
5	-4	4
10	13	1
6	20	1
6	-2	4
4	1	3
2	-6	4
11	17	1
48	14	1
12	20	1
10	-5	1
0	-9	1
6	-9	1
22	3	1
0	2	3
2	3	2
1	-10	3
8	-4	1
35	3	1
4	-3	4
13	-4	1
5	1	1
7	-2	3
1	2	4
15	-13	1
2	-5	1
31	1	1
6	-4	2
53	21	1
1	-12	1
5	-8	1
18	3	1
1	-9	1
0	1	1
6	5	1
5	-5	4
0	-8	1
40	9	1
2	-12	1
6	-3	2
7	-1	2
7	0	1
3	3	1
21	25	1
1	-13	2
120	68	1
6	-5	2
29	0	1
4	-5	1
6	-6	1
5	2	1
93	67	1
2	-3	1
12	-4	1
