2	-5	7
4	0	4
1	-2	13
8	0	1
0	0	6
0	-4	7
0	-5	9
5	0	12
4	2	9
2	-4	10
6	-2	6
2	-1	9
1	-8	4
0	-3	4
1	-6	2
2	0	7
0	-1	13
2	2	3
1	2	3
2	-3	6
3	-1	11
2	-2	10
38	4	1
3	0	14
1	-3	4
1	-10	2
0	-2	12
1	0	10
5	-4	7
3	-4	2
5	-3	2
5	-6	3
9	0	2
6	-4	2
7	0	3
5	-1	1
6	-9	1
7	-1	1
20	19	1
7	-2	3
2	-15	1
3	-5	3
6	-5	1
4	1	3
13	25	1
0	-11	3
4	-5	1
1	-14	2
2	1	5
3	-2	15
11	17	2
6	0	1
0	31	1
4	-2	11
9	-4	1
11	-6	1
1	-5	3
1	1	1
5	5	1
4	4	1
4	-1	4
30	-1	1
1	-9	3
0	-7	2
37	4	1
1	-13	2
1	3	1
1	-1	4
5	-5	3
1	-4	2
3	2	5
0	1	1
33	1	1
40	8	1
6	-7	1
2	-9	1
13	2	1
0	-6	2
5	3	1
6	-8	1
1	-12	2
3	1	2
34	2	1
34	3	3
0	-15	1
2	-7	1
5	-2	3
21	19	1
1	-7	1
9	-3	1
6	-3	3
5	-7	1
4	-4	2
5	1	1
2	-6	2
40	7	1
6	-16	1
6	-10	1
3	-3	3
21	21	1
96	56	1
6	20	1
11	19	1
0	-14	1
2	-17	1
52	27	1
0	2	2
98	56	1
11	5	1
66	42	1
4	-6	1
4	-3	1
