4	-4	7
4	0	9
3	0	15
4	2	11
0	-2	16
1	-2	13
0	-5	5
5	0	15
0	0	8
34	3	11
0	-3	5
3	-2	12
2	-5	5
1	-8	2
2	-1	12
4	-6	3
1	0	10
1	-3	9
1	1	2
3	-4	7
1	-4	4
0	-6	4
2	-6	5
2	-3	4
4	-2	8
5	2	3
6	-6	3
0	-4	1
18	3	1
0	-1	6
2	-2	14
2	-8	1
3	3	1
1	-5	2
9	-12	1
4	-11	2
8	2	1
0	-7	4
2	0	8
5	-3	5
5	-4	4
5	-5	3
21	23	1
3	-5	2
3	-1	10
10	13	1
10	1	1
2	-9	2
6	-5	2
6	0	3
1	-10	1
5	-2	7
7	7	1
7	0	1
1	30	1
5	-6	3
12	-5	2
6	-1	2
2	1	3
2	-4	4
3	2	3
3	-3	2
0	-8	1
11	-4	1
11	17	1
36	2	1
3	-10	1
1	2	4
1	-13	2
4	-3	2
3	1	3
17	2	1
0	1	1
2	-11	1
6	1	1
22	3	1
35	3	1
5	-1	5
0	-9	1
40	8	1
4	1	2
12	19	2
3	-7	1
12	-7	1
9	-3	1
5	1	1
10	14	1
6	-2	3
18	-11	1
0	2	2
1	-1	1
1	-7	2
6	-4	2
8	-16	1
2	-12	1
4	-1	2
11	-12	1
87	45	1
7	-9	1
0	30	1
21	19	1
40	7	1
0	-17	1
1	-12	1
52	29	1
97	53	1
13	25	1
9	6	1
60	29	1
3	-12	1
