3	-5	4
4	-1	8
0	-3	3
0	-7	4
1	1	1
5	-1	7
0	-5	4
2	-4	12
17	3	1
4	2	9
2	-2	9
0	-2	10
3	0	16
1	-12	5
0	-4	7
5	-2	11
4	0	8
1	-4	4
2	-6	3
7	-1	2
3	-4	5
3	-3	2
2	-1	11
3	-1	6
2	-9	1
3	1	4
6	-4	4
6	-3	3
4	-3	3
6	-9	1
1	-10	3
1	-2	11
5	0	11
38	-20	1
0	0	8
2	1	8
5	-4	12
4	-2	14
17	19	1
1	0	11
2	0	8
10	-4	2
0	-6	5
6	-2	6
1	-8	2
9	-4	1
5	-3	4
3	2	2
2	-5	4
7	3	2
3	-2	10
5	-5	3
1	-5	3
21	23	1
2	-11	2
2	-10	2
24	3	1
29	0	1
0	1	2
4	-4	3
0	-1	12
6	0	2
11	19	1
8	0	1
1	-3	3
35	3	2
6	21	1
15	2	1
2	-3	2
10	-6	1
19	3	1
1	-1	1
2	2	1
4	1	3
1	2	2
7	-4	1
12	-7	1
3	-11	1
34	1	1
14	19	1
3	26	1
1	-7	2
9	-6	1
0	-13	1
9	-3	1
6	-5	1
6	-1	2
0	-14	1
0	-8	2
4	31	1
34	3	1
1	-9	2
43	1	1
2	-8	1
18	3	1
1	33	1
7	0	1
6	1	1
3	-14	1
56	53	1
4	-13	1
4	-11	1
31	0	1
1	-6	1
95	54	1
21	3	1
39	7	1
5	-6	1
