5	2	1
5	-2	9
0	2	2
4	2	11
3	-7	1
3	0	17
3	-2	7
0	-7	2
1	-2	13
4	0	5
9	0	2
5	0	17
2	-4	14
9	-1	1
0	-2	9
4	-1	6
2	-2	15
0	-10	2
6	-1	1
3	1	6
7	0	2
0	-3	5
5	-1	9
3	-4	7
2	0	8
11	19	1
3	-3	3
1	-3	7
0	-1	11
4	-2	9
2	-3	4
7	-2	1
2	-1	5
16	-13	1
8	-3	1
1	-12	2
0	-5	8
0	-4	4
3	-5	1
1	-7	3
3	3	4
2	1	3
3	-1	9
1	0	7
1	-4	2
10	-9	1
24	1	1
1	-11	2
35	3	3
0	0	6
6	-6	2
3	2	3
1	-8	4
7	-1	2
5	1	3
11	17	1
13	-11	1
4	-4	3
33	1	1
30	0	2
11	-7	1
3	-9	1
2	-5	3
0	1	1
5	-5	1
14	27	1
6	-4	1
1	-5	1
0	25	1
2	2	2
1	2	2
2	3	1
2	-9	1
11	-6	1
1	-1	4
6	-2	3
35	2	2
13	-8	1
6	-3	4
1	1	2
1	-9	2
29	0	1
19	25	1
6	0	5
4	30	1
0	-6	4
4	-5	1
10	-6	1
0	-14	1
5	-4	4
1	-10	1
9	-2	1
5	-3	5
5	-7	1
10	14	1
2	-7	1
1	-6	1
7	1	1
9	-6	1
2	-10	2
4	-10	1
11	23	1
6	-5	1
4	1	1
0	-8	2
3	-6	1
0	32	1
7	7	1
8	2	1
6	1	1
54	70	1
12	-11	1
82	66	1
11	18	1
2	-11	1
3	-11	1
5	-6	1
6	-11	1
