0	-4	4
4	0	10
1	-1	4
4	1	4
2	-4	10
3	-1	9
10	-4	1
2	1	3
3	-8	1
1	-4	4
4	2	8
3	-3	9
2	-5	3
5	-5	1
5	0	15
1	-3	5
1	0	6
6	-2	9
0	0	7
24	2	1
0	2	4
3	-2	8
1	1	2
4	-2	9
2	0	16
5	-2	14
3	-5	2
2	-2	10
6	-3	4
7	-1	2
3	0	19
34	3	13
5	-4	5
2	-1	8
0	-2	12
1	-5	2
2	-10	2
5	-1	4
3	1	6
0	-11	1
1	-2	7
0	-7	4
0	-6	5
3	-4	3
11	-7	1
11	22	1
21	3	1
3	3	1
7	0	2
2	-3	6
0	-1	4
17	22	1
6	2	1
0	-8	4
7	7	1
3	-7	1
4	-5	1
6	-8	1
0	-3	3
1	-9	2
0	-5	3
3	2	2
23	2	1
2	-13	1
6	0	2
19	3	1
5	5	1
48	19	1
6	6	1
0	-15	1
13	-3	1
1	3	3
2	-6	3
5	-3	3
4	-3	4
13	-2	1
11	17	1
6	-4	2
50	20	1
7	-14	1
5	-6	2
35	2	1
5	1	2
5	2	1
13	2	1
1	-7	1
2	-11	1
1	-8	1
1	2	1
16	-13	1
13	1	1
18	19	1
121	68	1
2	2	2
6	-5	1
6	-6	1
7	-11	1
4	-4	1
8	-3	1
12	-5	1
69	46	1
4	-1	1
9	8	1
11	-4	1
8	-2	1
9	-4	1
