1	-4	5
5	-9	1
3	0	13
1	-7	4
2	-1	9
1	-12	3
0	1	3
34	3	9
4	2	5
2	-4	12
4	-1	8
8	0	3
4	0	12
7	-2	1
6	0	5
2	0	12
5	0	18
32	1	1
4	-2	10
3	-1	7
0	-5	7
38	4	1
0	0	3
3	-2	12
1	-15	1
1	-2	10
0	-3	4
2	-12	1
0	-6	3
2	-2	5
6	-3	4
2	2	1
1	-8	4
4	-6	2
0	-2	5
5	-4	5
0	-10	2
2	-3	3
3	-6	1
0	2	3
5	-2	2
3	3	2
1	0	4
1	2	2
4	1	4
0	-13	1
5	-5	4
1	-3	2
18	3	1
2	1	8
2	-5	3
5	-1	5
4	-3	1
6	17	1
24	1	1
22	3	1
3	2	2
30	-2	1
1	-10	2
5	-8	1
1	-1	3
3	-3	4
0	-4	5
0	-1	3
1	-5	1
5	-3	5
27	0	1
3	-7	1
28	0	1
12	-8	1
9	-4	1
2	-6	3
23	-19	1
6	-6	1
12	-6	1
6	2	1
6	-4	3
41	10	1
2	3	1
2	-7	1
21	19	1
3	1	3
12	1	1
35	2	1
6	-5	2
1	-11	1
19	3	1
61	31	1
6	1	1
10	1	1
7	0	1
19	26	1
0	-9	1
5	1	1
20	3	1
0	-16	1
3	-4	2
4	-5	1
84	71	1
12	-5	1
6	-7	1
6	-1	1
0	-8	1
