0	-1	5
5	0	14
0	-5	9
1	-1	8
3	-4	2
4	-2	12
11	-4	3
1	0	9
5	-7	2
2	-4	9
34	3	14
4	2	11
3	-5	2
2	-1	9
1	-3	6
2	0	13
7	0	2
23	2	2
0	2	7
3	-2	24
3	0	23
5	-4	6
1	-6	2
6	-4	4
7	-1	3
4	0	15
0	-8	2
5	-3	6
0	-4	7
2	-10	2
6	-2	6
3	1	5
1	-11	2
0	0	9
3	-1	5
6	0	4
1	-4	2
2	-6	3
15	-13	1
4	-3	3
4	-1	3
0	-3	3
0	-6	7
2	1	6
29	59	1
11	-7	2
5	2	3
1	-2	3
19	3	2
13	-12	1
10	0	1
11	1	1
30	-1	1
2	-5	7
0	-2	12
2	2	2
6	1	1
33	1	1
3	-3	6
16	19	1
2	-2	5
8	6	1
1	2	4
2	-8	2
7	-10	1
1	-9	3
0	1	3
5	-2	8
3	-6	1
3	-14	1
26	0	1
9	9	1
55	25	1
9	10	1
0	-15	2
12	-4	1
3	2	2
1	3	1
7	-2	2
6	-5	1
5	-1	3
4	-4	1
14	-1	1
11	22	1
37	6	1
43	15	1
5	-14	1
35	4	1
4	1	4
0	-7	1
2	-3	3
1	-5	2
5	-6	1
6	-10	1
1	-10	1
20	-17	1
37	4	1
7	1	1
35	3	1
12	20	1
122	69	1
2	3	1
5	-5	1
6	-3	1
3	-10	1
12	-12	1
10	-4	1
65	41	1
5	1	1
10	14	1
94	66	1
8	0	1
9	-5	1
