1	-4	4
4	0	11
5	-8	1
2	0	13
4	-2	10
0	-7	3
0	-3	8
2	-2	13
2	-13	2
1	2	3
34	3	12
4	2	5
3	0	15
5	-1	5
6	0	4
6	-2	1
1	1	5
5	0	16
29	0	1
0	1	2
3	-2	9
0	-5	5
38	3	1
3	-1	11
0	-15	1
5	2	2
0	-6	7
2	-1	6
2	-4	9
6	-3	5
4	1	6
1	3	1
1	-7	2
3	-6	4
0	-4	3
1	-10	1
3	-3	3
3	-5	4
2	-3	2
5	-2	4
5	5	1
1	0	4
1	-12	3
3	3	1
0	0	5
2	1	2
4	-5	1
0	-2	5
5	1	4
1	-2	3
12	1	2
1	-6	1
0	-1	5
4	-3	2
7	16	1
18	3	1
16	2	2
3	2	2
27	-3	1
0	2	3
6	-8	1
3	1	5
1	-5	3
27	0	1
4	-1	6
0	-12	1
1	-3	2
0	-8	1
26	0	1
5	-4	6
48	21	1
1	-1	2
4	-6	1
12	-9	1
34	4	1
2	2	2
22	-17	1
2	-6	3
2	-10	1
12	-6	1
4	-4	2
40	7	1
2	3	1
1	-14	1
2	-7	1
9	0	2
3	-4	2
5	-3	1
23	2	1
7	-1	1
35	2	1
19	26	1
1	-11	1
1	-13	1
10	-3	1
0	-9	1
17	2	1
0	-18	1
96	54	1
5	-5	1
6	-5	1
83	67	1
4	3	1
3	-7	1
11	-5	1
5	-9	1
8	-1	1
6	-1	1
