0	-5	3
3	0	19
0	-6	3
6	-7	1
1	0	5
4	-2	5
0	-7	4
0	-3	11
3	-2	14
2	-12	1
1	3	2
6	-2	5
0	0	10
2	0	7
3	-1	6
5	-1	5
6	0	5
3	1	2
21	3	1
0	2	2
5	0	15
1	-2	7
1	-4	8
38	4	1
0	1	2
1	-1	3
1	-13	2
4	-3	3
5	-4	3
1	-11	1
0	-4	3
35	3	2
2	-1	12
2	-4	6
6	-4	3
4	1	2
3	-6	3
5	-2	9
1	-5	3
0	-10	1
32	1	1
4	2	6
2	-11	1
3	-4	3
7	0	1
24	40	1
3	-7	2
1	-8	2
1	-10	2
5	2	1
0	-15	1
2	2	1
3	-5	4
0	-2	5
6	24	1
4	0	2
1	1	5
6	-1	1
2	-3	3
0	-1	3
10	18	1
13	1	1
10	1	2
25	-4	1
0	-8	2
5	-6	2
2	-2	5
35	4	1
2	-13	2
2	1	5
1	-6	1
5	-5	3
35	1	1
34	3	5
1	-12	2
1	-7	4
26	1	1
47	20	1
13	-10	1
3	2	1
33	1	1
4	-1	6
9	-9	1
17	-14	1
9	-2	2
5	1	2
2	-5	3
1	-16	1
15	2	1
4	-5	1
4	-13	1
5	-3	2
6	-5	2
3	-3	3
1	2	2
14	2	1
55	24	1
11	2	1
29	0	1
20	26	1
7	6	1
10	-3	1
1	-9	1
11	1	1
2	-17	1
97	53	1
81	61	1
4	-6	1
2	-6	1
9	-4	1
3	-10	1
7	-2	1
7	-1	1
