2	-4	8
3	-2	18
4	0	9
4	2	13
1	-3	4
2	-5	8
2	-1	7
0	-5	11
0	-1	7
4	-2	10
0	-6	5
2	-2	14
1	-9	3
0	-2	12
3	1	2
0	1	1
1	-2	9
1	1	3
0	2	2
5	-1	4
1	-6	2
28	0	4
3	0	17
6	-4	3
0	-4	3
3	-4	3
0	-3	7
2	-7	1
1	0	5
6	0	5
3	-1	11
5	0	17
2	-11	1
3	-5	4
1	-1	6
17	-14	1
2	0	11
1	-10	3
6	2	1
5	-2	8
7	-1	1
2	-9	3
4	-4	3
5	-4	4
5	-7	1
22	24	1
5	5	2
1	-4	3
1	-7	2
5	-5	7
2	2	4
3	2	3
7	-2	1
5	23	1
6	-5	3
10	-4	1
5	-6	2
4	-1	3
5	-3	6
1	-5	2
0	-12	1
12	-7	1
17	19	1
34	3	7
37	2	1
7	-6	1
4	-3	4
5	-11	1
1	-11	1
2	-8	1
6	1	2
4	1	3
3	-7	1
4	-5	3
2	3	1
2	-6	1
11	-9	1
6	-2	1
7	0	2
10	1	1
0	0	3
37	6	1
6	-3	3
5	2	1
10	13	1
8	0	1
9	-3	1
4	4	1
22	-9	1
1	-8	1
4	-6	1
8	-13	1
9	0	2
2	1	2
35	2	1
10	12	1
1	-14	1
81	38	1
6	36	1
20	21	1
46	17	1
0	-17	1
1	-12	1
54	26	1
3	3	1
96	52	1
1	2	1
13	27	1
3	-6	1
51	21	1
2	-10	1
2	-3	1
37	4	1
8	-11	1
2	-12	1
0	-7	1
