3	-5	10
0	-3	12
0	-5	5
2	-4	6
2	-2	8
0	-4	3
4	-1	6
4	2	9
1	-16	1
4	0	5
2	-1	9
3	0	19
1	-9	3
4	-2	6
0	-1	5
7	0	5
5	-5	5
1	-6	3
3	-4	5
0	0	10
0	-2	8
5	-7	1
1	-3	4
3	-3	6
2	1	3
1	-12	1
3	-7	1
26	-7	1
0	-11	1
6	-3	4
0	-10	1
5	0	9
38	-19	1
0	-6	4
5	-1	5
8	-4	1
3	-1	4
0	1	2
2	-9	3
6	-2	3
1	-2	15
1	-5	3
3	-2	9
15	-11	1
5	1	1
5	-2	11
1	0	4
35	2	2
2	0	12
6	0	2
9	9	1
5	-4	11
1	-4	3
4	-6	2
4	-4	3
1	-10	1
21	24	1
2	-6	2
36	3	2
6	-5	2
2	-3	3
34	1	1
34	3	3
11	1	1
6	6	2
12	1	1
11	-7	1
2	-7	3
2	-5	8
3	2	2
7	-1	2
32	1	1
1	-1	4
1	-7	3
1	-11	1
6	-6	2
2	2	2
10	1	2
33	1	1
5	-3	3
30	0	1
0	-13	1
19	3	1
35	3	2
5	-6	1
1	1	1
9	-3	1
15	2	1
20	-11	1
4	-3	1
11	22	1
0	-8	1
35	1	1
3	3	1
0	2	2
21	3	1
1	-14	1
1	3	1
0	-7	2
14	0	1
0	-14	1
3	36	1
14	19	1
0	-12	1
6	1	2
62	34	1
6	-4	1
1	-8	3
39	6	1
94	53	1
7	-2	1
46	6	1
