0	-3	7
2	1	5
3	-4	4
4	-10	1
3	0	17
1	-5	3
5	-2	6
0	0	3
0	-6	7
1	-1	3
34	3	10
4	2	7
2	-2	12
0	-2	11
11	-4	1
2	0	12
5	0	22
1	0	5
5	-4	6
33	1	3
2	-3	2
3	1	9
2	-5	5
2	-1	6
2	-4	9
5	-3	3
2	3	1
0	-9	2
6	-4	4
2	-10	2
1	-6	1
1	-4	4
3	-1	7
0	-1	7
4	0	6
3	2	1
4	-4	1
1	1	3
4	-2	7
0	-13	1
35	3	2
2	-7	1
0	-18	1
0	1	1
4	-1	8
0	2	3
5	1	3
1	-12	1
3	-2	6
1	-2	5
32	1	2
0	-5	3
3	-5	4
3	-6	1
1	-3	3
6	17	1
35	2	1
9	9	1
8	0	1
6	-10	1
2	-6	3
1	-8	3
41	9	2
3	-3	5
11	-7	1
1	2	3
5	-1	3
23	-19	1
6	0	3
9	-2	1
17	2	1
50	20	1
1	-11	1
0	-8	2
5	-6	2
11	17	1
4	1	2
6	-5	1
1	-7	2
7	0	1
25	0	1
3	-12	1
6	1	1
67	44	1
5	2	1
5	-5	3
20	26	1
116	64	1
4	-3	1
6	-2	2
2	-11	1
87	63	1
12	-5	1
4	-6	1
