0	-2	13
4	2	8
1	-1	4
0	-1	8
6	-4	3
8	0	3
4	-1	7
4	-2	10
6	-2	3
3	-2	17
3	-1	12
2	-2	14
9	-10	1
5	-2	5
4	0	13
0	0	10
2	0	12
2	-4	9
3	1	7
1	-7	3
2	-9	2
1	-11	1
5	-1	4
21	24	1
0	-7	2
1	-2	6
7	-1	4
1	-8	2
4	1	1
18	-12	1
3	-3	2
1	-5	2
3	0	7
5	0	20
5	-4	6
11	-5	1
0	-5	8
2	-1	12
1	1	3
1	-12	3
0	-4	3
5	-3	2
5	-5	2
7	0	3
11	-6	2
24	0	1
2	-11	1
0	-6	6
23	-10	1
12	20	1
1	0	7
16	32	1
5	-6	4
3	-4	3
2	-5	3
35	2	1
2	-3	2
8	-2	2
1	-9	3
11	20	1
3	2	3
6	1	2
5	24	1
1	-10	2
2	2	1
8	-7	1
1	-4	2
6	-8	1
2	1	2
14	-3	1
7	-2	2
6	2	1
0	1	1
5	1	1
0	23	1
4	-4	2
11	17	1
10	14	2
0	-11	2
1	2	4
47	18	1
15	27	1
2	-6	4
1	-6	3
6	0	2
5	2	1
5	-10	1
1	-3	1
6	-11	1
9	-6	1
12	-5	1
9	-5	1
6	-3	1
0	-3	2
11	19	1
0	-8	1
6	-5	1
35	3	1
4	3	1
2	28	1
4	35	1
4	-3	2
2	3	1
13	-4	1
52	65	1
12	1	1
24	1	1
6	-1	1
4	-9	1
