2	-4	6
4	2	11
3	-2	12
4	-1	9
3	-3	7
9	2	2
5	0	14
6	-2	4
4	-3	1
2	-2	13
2	-1	13
11	-8	1
4	-2	10
6	-4	2
0	0	9
1	-5	3
2	0	11
8	-4	1
3	1	4
2	-12	4
0	-7	3
1	-7	3
1	-2	13
17	24	1
0	-12	1
7	0	4
1	0	6
5	-15	1
16	-12	1
4	-6	2
0	-3	5
9	-3	1
6	6	1
0	-5	9
0	-2	12
5	-1	7
6	-3	3
1	-4	8
0	-4	2
5	-5	4
2	-6	1
6	0	3
5	1	1
9	-5	1
0	-8	3
6	-15	1
8	0	2
11	-10	1
3	0	13
1	1	2
5	-3	7
38	3	1
3	-1	4
0	-6	3
5	-6	2
1	-3	3
2	-8	3
5	-2	5
4	1	1
1	-1	3
28	-7	1
33	1	1
4	0	8
2	-7	4
1	-11	1
1	-8	2
2	-5	3
10	11	1
2	3	3
1	-10	3
1	-9	2
10	19	1
1	-12	1
6	-1	2
0	2	2
7	-2	2
9	-9	1
13	-4	3
14	-7	2
6	1	2
0	-1	3
1	2	4
3	-4	1
8	7	1
12	25	1
4	-11	1
2	1	2
58	27	1
18	3	1
12	24	1
13	2	1
5	2	1
5	-4	4
4	-5	1
40	8	1
9	24	1
21	19	1
35	3	3
6	19	1
3	-5	1
3	45	1
52	67	1
3	-7	1
0	1	1
3	2	1
60	29	1
7	-1	2
6	-5	1
16	-11	1
1	-15	1
9	10	1
