4	2	16
1	1	2
1	-10	2
1	-3	6
9	27	1
5	-2	7
1	-9	3
0	-4	9
3	0	10
3	-2	6
11	-6	3
0	-2	8
5	-1	3
5	0	18
2	-12	2
5	-4	5
0	-8	3
3	-4	5
4	0	9
4	-4	6
1	-6	2
2	0	7
2	-2	4
8	0	3
0	-5	7
0	0	11
0	-1	8
4	-2	4
1	-1	7
9	-3	1
3	-6	3
4	1	1
2	-9	1
15	-10	1
4	-1	8
7	0	1
1	-7	3
1	3	2
11	20	1
6	-2	4
2	-14	1
0	-3	3
9	6	1
1	-2	12
1	-4	4
2	-5	9
1	-12	2
1	-11	3
9	0	1
5	2	2
14	25	1
3	-5	2
4	-3	5
35	3	4
10	1	2
3	-11	1
6	-4	1
2	-4	6
2	-1	9
0	-6	6
24	1	1
7	7	1
2	-8	1
9	-1	1
1	-8	2
6	-5	3
9	-5	1
7	-1	3
3	2	3
31	0	1
5	-6	3
6	-11	1
3	-3	4
8	-10	1
50	6	1
7	-11	1
1	0	4
9	-4	1
5	-3	3
1	-13	1
7	-10	1
8	-4	1
7	-8	1
2	2	1
27	0	1
44	66	1
11	-8	1
4	-6	1
0	1	2
6	-3	1
3	-1	6
2	1	1
0	-13	1
4	-5	1
1	2	2
3	1	1
41	11	1
11	18	1
0	-10	1
7	-2	1
1	-5	1
5	-5	1
9	10	1
21	21	1
12	20	1
0	-7	2
6	-1	1
0	2	1
39	30	1
16	-13	2
12	-5	1
4	3	1
2	-3	1
2	-11	1
2	-6	1
21	23	1
8	-12	1
