2	-1	13
4	2	11
0	-2	11
2	-4	9
0	-4	6
7	6	1
3	0	10
6	-2	5
2	3	1
5	-4	11
1	-2	10
5	-1	4
6	-4	5
1	0	8
7	-5	1
3	-1	8
6	-5	1
3	-2	10
9	-3	1
2	-7	1
9	4	1
2	-10	2
3	-4	4
5	0	19
4	-1	5
10	13	1
0	-7	2
1	-9	6
2	-2	10
0	-5	9
4	-4	1
2	1	2
0	-3	3
6	-14	1
6	-8	1
1	-4	4
4	-3	1
0	2	2
2	0	9
0	0	9
0	1	3
7	-1	2
2	-14	1
0	-6	5
2	-6	5
0	-1	7
1	-8	1
2	-5	2
2	-9	1
14	-11	1
3	-3	5
13	25	1
4	-2	10
38	4	1
5	-5	2
2	-3	2
3	-5	2
6	-3	3
4	0	9
5	1	2
35	3	1
22	2	1
7	-2	4
1	1	2
1	-1	5
0	-12	1
0	3	1
2	2	2
24	-10	1
1	-15	1
6	6	3
7	0	3
8	0	3
4	3	1
5	-3	2
11	-11	1
6	0	3
10	-4	1
0	-10	1
1	-10	1
9	-4	1
1	-6	1
3	1	2
5	-6	1
11	17	1
26	43	1
11	-10	1
5	2	2
6	1	1
14	0	1
0	-15	1
6	-11	1
24	1	1
9	19	1
3	-14	1
4	-5	2
5	-2	4
21	21	1
10	14	1
18	3	1
7	-10	1
1	-7	1
3	3	1
42	63	1
2	-12	1
3	2	2
43	15	1
1	2	2
1	-13	1
7	-12	1
1	-3	1
21	3	1
21	20	1
