6	-11	2
4	2	15
0	-3	11
0	-1	9
1	-18	1
4	-1	8
1	3	1
5	0	11
5	-2	7
1	-2	5
0	-5	7
5	-1	7
1	-1	3
2	-2	14
5	-3	7
8	-11	1
2	1	6
2	-4	8
2	-13	1
4	0	4
3	0	9
0	-2	9
1	-3	3
10	-4	3
2	-1	4
12	-11	1
0	-6	11
3	-2	8
1	-4	9
2	-6	3
5	-4	4
1	-13	3
2	-3	3
1	-7	3
3	-1	4
2	-7	2
3	2	1
6	-2	4
0	-7	5
3	-4	3
3	-6	4
2	-11	1
0	-4	7
5	-5	2
7	-2	1
1	-8	4
1	1	3
2	-10	4
3	-3	1
5	2	4
0	2	3
3	4	1
2	2	1
11	-7	1
6	-1	1
4	-3	2
0	0	8
2	0	3
11	-4	1
2	-12	2
14	25	1
35	3	2
9	-5	1
0	-8	2
13	-6	1
11	23	1
4	-4	3
2	-9	1
7	-10	1
8	-2	1
0	-9	2
38	3	1
13	-4	2
17	27	1
77	38	1
2	3	1
1	-10	3
1	0	4
28	17	1
2	-5	2
5	-10	1
3	1	2
4	-2	4
4	1	1
11	16	1
0	1	1
1	-9	2
59	28	1
12	21	1
12	1	1
12	-5	1
9	-1	1
4	-6	1
3	3	1
5	23	1
0	-17	1
4	-12	1
6	-4	1
27	0	1
2	-8	1
6	-3	2
1	-5	3
16	26	1
10	0	1
1	-15	1
5	-12	1
17	23	1
3	-12	2
7	0	2
3	-5	1
1	-6	1
17	-14	1
