1	-6	4
4	2	23
1	-1	7
1	-3	12
6	-15	1
8	-4	1
3	2	3
10	-4	1
0	-6	6
2	-4	6
13	-7	1
2	0	7
3	0	12
0	-5	13
3	-2	10
2	-7	1
0	-4	5
2	1	2
2	-1	11
3	-4	5
2	-3	5
6	-3	2
8	-8	1
2	-2	8
3	-1	8
4	-7	1
1	-4	8
5	-1	4
5	-5	4
0	-2	5
2	-5	3
3	-3	2
2	-9	1
3	-10	1
1	3	1
0	-1	5
10	11	1
1	-7	2
4	-1	4
4	-3	4
5	0	13
5	-4	7
1	0	8
1	-2	8
2	-6	2
0	-9	1
5	-3	2
1	-12	2
4	-6	1
1	-9	3
19	3	1
0	0	7
10	0	1
3	1	3
6	-4	1
0	-7	5
2	2	1
1	-11	2
2	3	1
0	-12	1
2	-10	1
5	-6	1
19	28	1
35	3	1
6	2	1
3	-8	1
4	0	3
0	-3	8
27	-7	1
7	-9	1
10	-9	1
11	-7	2
4	-5	2
5	-2	4
37	5	1
15	-11	1
11	24	1
78	33	1
7	0	2
3	-12	1
9	-4	1
12	20	1
16	2	1
6	0	1
1	1	1
9	6	1
13	-2	1
12	-7	1
26	42	1
6	-5	3
4	-2	2
12	-6	1
3	-5	1
11	-12	1
4	-13	1
5	2	1
14	-2	1
2	-8	1
1	-10	2
0	-17	1
9	-1	1
7	-1	1
6	5	1
1	-8	3
4	1	1
17	20	1
34	3	1
0	-15	1
4	4	1
9	-2	1
30	15	1
6	-7	1
5	5	1
25	-21	1
