5	-6	3
4	2	16
0	-3	13
1	2	5
0	-1	10
2	2	1
31	0	1
5	0	6
4	-1	10
2	-2	7
0	-4	4
4	0	9
1	0	7
5	-4	3
6	-2	3
6	-4	2
1	-11	2
2	-5	4
0	-2	14
2	-1	5
7	-9	1
5	-3	6
2	-6	1
2	-9	1
0	-8	2
1	-9	1
3	-3	3
0	-6	10
3	-10	1
3	2	2
2	-3	3
3	-1	5
3	0	9
2	-12	2
0	-12	2
1	-7	4
1	-3	9
5	-2	6
0	-7	8
1	1	2
6	-3	3
1	-10	7
2	-4	5
4	-9	1
3	-2	9
2	1	4
1	-1	5
11	15	1
1	-2	9
11	-6	1
5	-5	2
3	-6	1
6	-6	1
6	0	4
7	-2	1
4	-4	4
11	16	1
31	-2	1
11	-5	1
4	33	1
2	0	4
6	-11	1
4	-2	7
0	-5	3
1	-12	2
6	-7	1
4	-3	1
1	-4	5
5	-1	3
12	22	2
38	3	1
14	0	1
15	26	1
3	1	2
80	36	1
0	0	7
28	17	1
2	-10	3
5	-8	1
1	-15	1
5	2	2
6	6	1
3	-5	2
48	19	1
8	8	1
10	-4	1
0	2	1
18	-11	1
5	1	1
10	14	1
12	-11	1
5	23	1
0	-18	1
9	-11	1
1	-6	1
2	-7	1
37	4	1
7	-3	1
2	-16	1
1	-8	3
6	-13	2
21	23	1
1	-5	1
35	3	1
0	-11	2
6	-9	1
3	3	1
4	3	1
7	-11	1
