1	-2	13
4	2	14
4	1	1
0	-5	8
3	-6	2
11	25	1
4	-2	10
1	2	2
5	-4	5
3	-3	4
4	-1	8
2	-2	17
6	-8	1
2	-6	3
4	0	9
5	-2	4
6	-5	3
0	-3	9
5	-1	5
1	-9	6
4	-3	3
1	-5	2
11	3	1
3	0	18
3	1	4
2	-4	3
2	0	5
2	-5	3
0	-1	6
0	-6	8
1	1	6
7	0	2
2	-1	13
1	-1	5
2	1	4
2	-8	3
3	2	2
5	-12	1
0	-7	5
0	-4	6
0	-2	12
0	-9	1
3	-2	6
2	-17	1
5	1	3
32	-3	1
9	-5	4
2	-9	1
16	26	1
3	-4	2
1	-4	7
5	-6	1
6	-6	2
5	0	18
3	-1	5
1	0	6
35	3	3
13	-2	1
5	-3	3
6	-2	1
3	-5	4
24	-9	1
9	-11	1
7	-2	1
24	-10	1
16	-13	1
10	-4	1
12	-4	1
0	0	3
4	-14	1
14	-4	1
5	-5	1
6	-4	3
8	6	1
6	-1	1
1	-11	2
18	-10	1
6	0	4
7	-1	1
7	1	1
3	-10	1
0	1	1
0	-16	1
16	2	1
5	2	1
2	-7	1
9	0	1
6	-16	1
5	-8	1
44	15	1
13	24	1
1	-17	1
21	19	2
4	-4	1
2	-14	2
2	-10	1
11	22	1
6	1	1
19	-13	1
30	53	1
12	-7	1
1	-12	1
1	-6	1
7	-3	1
3	-9	1
3	3	1
0	-8	2
4	-11	1
1	-3	1
20	24	1
