0	-3	3
2	-1	12
0	-1	6
5	-4	7
5	-1	6
6	-2	2
3	-2	16
2	-2	9
2	0	8
10	-10	1
4	-2	14
5	-3	5
3	0	15
0	0	8
1	-4	5
3	-1	11
1	-2	13
8	-3	1
8	0	1
1	-8	6
7	0	3
1	-9	1
1	-10	3
4	-1	4
7	-1	6
1	-7	1
1	0	10
1	-15	2
18	-12	1
3	-3	2
0	-5	9
5	0	19
2	-4	10
4	2	8
5	-2	5
0	-2	8
3	-12	1
0	-4	4
5	-5	2
4	0	13
12	-6	1
7	-15	1
22	2	1
2	-11	1
20	-11	1
14	19	2
1	1	5
4	-3	1
34	1	1
2	1	7
5	-6	3
3	-5	2
6	0	3
0	-8	2
3	1	1
7	-2	2
0	-6	3
11	18	1
1	-1	3
3	3	2
6	-3	1
1	-5	1
1	-12	1
6	22	1
1	-11	1
2	2	3
1	-6	5
9	-7	1
14	-4	1
3	2	2
4	-4	2
2	-6	1
1	2	2
5	1	2
1	23	1
2	-3	3
1	-3	4
11	16	1
11	17	2
0	-12	1
34	-13	1
49	20	1
2	-9	1
12	-5	3
16	27	1
5	2	1
4	-9	1
41	10	1
9	-6	2
6	-4	1
0	-7	2
3	-4	1
9	-1	1
6	-5	1
35	3	3
3	26	1
11	-6	1
4	1	1
2	37	1
3	-8	1
0	1	1
52	65	1
2	-5	4
0	-11	1
9	0	1
63	37	1
6	-1	1
18	3	1
9	-3	1
2	-8	1
