1	-2	11
2	-2	12
7	-16	1
8	-4	1
16	2	1
2	2	3
10	-4	1
0	-4	9
3	-4	5
4	2	18
3	0	12
0	-6	9
12	-5	2
2	0	9
3	-1	8
0	-5	14
7	-15	1
1	-3	3
1	-4	3
3	-5	4
2	-7	1
0	-3	6
1	1	2
0	-2	10
2	-4	10
6	-2	5
10	-7	1
27	-11	1
4	-2	7
3	-2	10
5	-7	1
5	-2	8
5	-4	7
2	-9	3
2	-10	1
0	3	1
0	-1	4
7	6	2
1	-5	5
5	0	8
3	-3	4
2	-3	3
5	-3	1
1	0	7
4	-3	2
2	-1	13
3	1	3
0	-11	1
3	-6	2
1	-9	2
5	-5	3
0	-7	4
10	1	1
0	1	1
1	-1	2
1	2	2
11	3	1
2	-5	2
1	-7	5
6	-4	1
9	-1	1
2	-12	2
4	-4	1
1	-8	3
19	27	1
5	-1	3
35	3	3
9	-2	1
5	-9	1
0	0	7
1	-14	1
28	-7	1
6	-9	1
37	5	1
17	-11	1
14	25	1
77	37	1
7	0	1
7	-2	2
8	0	1
18	18	1
22	2	1
7	-8	1
3	2	5
4	0	3
14	-2	1
4	-1	3
11	-7	1
21	38	1
6	-3	1
8	2	1
6	-5	2
8	25	1
11	-6	1
8	-11	1
0	-8	1
5	2	1
10	14	1
0	-17	2
4	1	1
6	0	2
15	2	1
2	-6	1
10	-9	1
17	22	1
9	9	1
1	-10	2
24	17	1
5	-10	1
25	-22	1
