3	0	17
4	2	11
5	0	24
2	2	2
4	1	7
3	-5	5
4	-2	7
0	-7	4
2	-2	14
0	-2	13
11	-8	2
1	-3	7
5	-2	10
0	-8	2
6	-2	7
2	0	15
3	2	2
5	2	3
0	-3	4
2	-5	3
1	-11	1
7	-2	1
3	-2	5
17	19	1
3	-1	12
2	-4	7
1	-1	4
2	-1	11
1	-2	7
2	-6	7
13	-13	1
8	-2	1
11	-12	1
12	-7	2
4	-3	3
0	-5	5
1	-9	3
3	-4	3
3	1	4
0	0	10
0	-4	4
5	1	2
11	-9	1
30	0	1
35	2	1
1	1	3
5	-1	4
1	0	7
9	8	1
1	-7	4
6	-3	1
4	0	5
9	9	1
21	-10	1
25	0	1
6	0	7
24	1	1
11	-6	1
2	-9	4
1	2	2
15	27	1
1	-4	7
6	-5	1
0	-6	2
32	1	1
1	-5	2
2	3	1
8	-11	1
31	1	1
0	-1	4
28	0	1
5	-4	5
5	-3	6
1	-10	2
1	-8	2
21	3	1
19	25	1
4	-5	1
2	30	1
2	1	3
2	-3	1
5	34	1
6	1	2
14	-10	1
3	3	1
3	-3	2
0	-12	1
10	-3	1
11	23	1
7	-5	1
7	1	1
8	-4	1
4	-10	1
11	17	1
30	-5	1
5	-5	1
9	-3	1
35	3	1
0	32	1
9	-1	1
10	13	2
3	-11	2
23	2	1
53	68	1
9	-11	1
7	0	1
34	3	1
81	60	1
6	-6	1
4	-1	1
26	1	1
0	-11	1
1	-6	1
3	-6	1
5	-6	1
