4	2	8
3	1	4
0	-10	1
2	-11	4
2	-5	6
6	28	1
5	2	2
1	-6	1
0	-3	7
1	0	6
5	-2	7
5	-3	2
5	-5	4
0	-7	2
2	0	8
5	0	16
5	-4	6
0	-2	9
4	-3	2
2	-4	8
0	-4	5
12	3	1
1	-2	12
1	1	2
4	-1	7
2	-1	15
0	0	12
3	-5	3
3	-1	8
2	1	6
3	-6	3
0	-5	14
6	-1	2
9	9	1
0	-1	5
0	-8	3
7	-1	3
3	0	8
0	-13	2
3	2	3
4	0	7
0	-6	8
4	-2	15
1	-12	2
1	-4	4
0	-14	1
2	-6	2
1	-15	1
0	1	3
35	2	3
9	-3	2
1	-9	2
14	25	1
3	-4	3
1	-14	1
13	3	1
10	1	1
5	-1	1
4	1	5
1	-3	3
35	3	2
6	0	3
1	-8	3
11	-3	1
4	-4	1
1	-10	2
8	-4	1
25	1	1
23	-6	1
6	-5	1
6	-6	1
6	-11	2
6	-2	5
3	-2	2
37	-3	1
13	-11	1
2	-2	2
5	-6	1
1	-1	2
11	-4	2
6	-12	1
7	-8	1
9	6	1
8	0	1
12	1	1
9	-1	1
2	-10	2
10	-6	1
16	-12	1
7	0	1
4	-5	2
3	-15	2
2	-13	1
9	0	1
2	-9	1
6	-4	1
44	15	1
15	24	1
0	-15	1
12	-5	1
11	19	1
20	22	1
1	-5	1
4	-13	1
9	26	1
9	-4	1
34	44	1
1	-11	1
1	-7	1
16	-13	1
6	-3	1
3	-7	1
1	2	2
3	-3	1
4	3	1
2	-12	1
20	26	1
6	-7	1
