4	2	17
1	-1	5
1	-3	11
5	-15	1
9	-4	1
3	2	2
10	-4	1
0	-6	6
1	-4	8
3	0	14
1	-6	3
3	-1	6
0	-5	11
6	-12	1
2	-4	10
3	-2	11
2	-7	1
3	1	4
2	-1	10
5	-4	10
8	-8	1
1	-2	11
26	-11	1
4	-1	4
4	-7	1
6	-2	4
5	-6	6
2	-5	4
2	-9	1
1	3	1
2	-2	12
0	-1	7
10	14	1
1	-7	4
5	-3	4
5	0	8
2	1	2
2	0	4
2	-6	3
5	-1	4
0	-8	2
1	-5	2
1	-13	1
4	-6	1
1	-9	4
4	-5	1
2	-10	4
22	2	1
40	8	1
2	3	3
0	-7	2
9	0	2
7	6	1
3	-4	3
4	0	2
1	-11	3
1	0	7
2	-3	2
4	-4	3
0	-3	5
18	28	1
35	3	2
5	2	4
2	-8	2
0	-2	6
0	-4	5
22	-10	1
6	-9	1
0	0	6
11	-7	2
9	-5	1
5	-2	5
13	-11	1
11	22	1
1	-8	2
78	32	1
5	-11	1
3	-3	2
5	1	2
7	-1	2
11	-4	1
45	17	1
11	17	1
10	1	1
4	-2	3
11	5	1
13	-2	1
12	-7	1
26	45	1
7	0	1
81	62	1
11	23	1
12	-6	1
5	-5	1
11	-12	1
1	-10	1
14	-1	1
0	-17	1
6	0	1
9	-3	1
8	7	1
4	1	1
6	-7	1
6	-4	1
16	20	1
0	-15	1
2	2	2
1	2	1
8	0	1
6	-5	1
4	-3	1
1	1	1
7	7	1
