4	2	12
2	1	2
0	-10	1
2	-10	2
2	-4	3
6	30	1
5	0	13
0	-8	4
0	-3	7
2	0	10
5	-2	5
6	-2	5
0	-11	1
5	-5	4
1	0	7
4	-2	4
4	-4	3
0	-2	10
4	-3	4
4	0	11
0	0	10
12	1	1
0	-5	9
2	-1	10
0	1	1
2	-2	8
3	-5	7
3	2	3
2	-8	1
15	-9	1
4	-1	5
7	-1	2
1	-9	4
0	2	1
10	15	1
2	2	2
3	0	5
3	-2	9
2	-13	2
1	-2	4
7	6	1
1	-4	5
2	-6	3
1	-3	3
0	-4	7
1	-10	1
1	-5	2
0	-1	9
1	-14	1
5	-1	5
8	0	1
1	-8	3
14	25	1
3	-1	9
35	3	4
1	-16	1
5	-3	4
1	-15	1
3	-3	3
13	3	1
4	-11	1
3	-6	1
6	-3	2
0	-7	6
16	2	1
2	-3	2
3	3	2
4	-5	1
1	1	5
9	-4	2
0	-6	2
1	-1	6
9	-5	1
27	0	1
25	-4	1
1	-6	2
6	-4	2
5	-6	1
6	-11	2
44	1	1
10	-11	1
7	-2	6
35	2	1
5	-4	3
5	1	1
1	-13	2
11	-4	2
7	-8	1
7	0	2
6	6	1
10	0	1
3	-4	4
21	3	1
44	65	1
12	-8	1
15	-11	1
6	1	1
3	1	2
0	-12	2
6	0	1
2	-16	1
9	0	1
5	2	1
1	2	2
4	1	1
10	1	1
43	14	1
11	23	1
2	-5	5
11	15	1
20	22	1
4	-12	1
1	-11	2
10	26	1
37	36	1
4	-6	1
16	-13	1
2	-9	1
11	1	1
4	3	1
2	-12	1
1	-7	1
21	25	1
6	-10	1
