5	-8	1
4	2	18
0	-3	11
1	0	8
1	-15	2
2	-1	10
1	3	1
0	-2	12
28	0	1
5	0	5
5	-1	2
2	-2	14
0	-5	5
4	-1	6
0	-1	8
4	-2	6
7	-9	1
2	0	4
4	-4	2
1	-13	3
2	-4	9
5	-2	8
1	-1	4
1	-3	4
9	-3	1
10	-11	2
1	-8	2
3	-3	3
4	0	13
0	-6	8
0	-8	6
4	-3	3
2	-15	1
0	-7	6
2	-9	3
3	2	1
5	-4	4
2	-6	2
2	-11	3
0	-4	7
3	-2	8
7	-2	1
3	-1	4
1	1	2
2	-10	3
1	2	1
4	1	2
8	7	1
1	-4	7
5	-3	4
12	-7	1
0	0	6
6	-2	6
4	-7	1
3	-5	2
5	-6	1
6	0	1
11	-6	1
12	22	1
5	2	2
31	1	2
9	-1	1
1	-7	5
12	-6	1
8	27	1
1	-2	3
1	-10	2
3	-4	4
2	-3	3
11	19	1
38	3	1
14	-1	1
16	27	1
3	1	3
3	0	8
78	33	1
0	2	6
28	17	1
1	-11	3
6	-5	2
2	-5	5
3	-9	1
13	-4	1
1	-12	1
9	10	1
1	-9	1
55	24	1
11	16	1
5	-5	1
12	-5	1
0	-13	1
13	-7	1
0	-10	1
8	-2	2
5	24	1
0	-17	1
6	-11	2
6	-3	1
14	25	1
2	1	1
5	-13	1
19	24	1
1	-6	2
5	-7	1
7	0	1
3	4	1
6	1	1
11	-12	1
