1	-2	10
4	2	13
5	1	3
0	-4	8
2	-5	5
33	0	1
11	22	1
2	-1	7
4	-1	7
1	3	1
5	-4	10
2	-3	2
0	-5	7
0	-2	12
6	-6	2
5	-5	2
3	-5	3
3	0	11
6	-3	2
3	-2	11
6	-5	3
0	-3	7
6	-2	3
1	-8	2
4	-3	2
10	3	1
4	0	11
5	-1	5
2	2	2
1	-4	2
2	-2	10
2	0	10
1	-3	10
0	0	7
0	-6	6
4	-2	9
6	-11	2
5	-3	2
6	0	3
0	-1	6
3	1	3
5	0	18
2	-9	4
3	2	1
4	-12	1
1	-7	4
0	-7	5
1	-11	2
1	-1	5
2	-17	1
30	-5	1
9	-4	1
2	-8	1
16	26	1
3	-1	8
4	-5	1
5	-10	1
2	-7	3
5	-6	1
0	-11	1
1	0	8
3	-3	2
35	3	3
5	2	3
12	-3	1
1	-12	3
0	-13	1
3	-4	3
32	1	1
1	-5	1
24	-9	1
2	1	4
8	-11	1
7	-1	1
5	-2	3
1	-9	1
18	-11	1
33	1	1
15	-13	1
10	-4	1
11	-3	1
3	-14	1
14	-5	1
6	-4	2
7	7	1
1	1	2
1	-10	2
13	-9	1
19	-11	1
2	-4	3
15	-12	1
7	0	1
9	0	2
2	-10	2
0	1	1
0	-16	1
1	2	2
20	3	1
4	1	1
8	0	1
6	-16	1
5	-7	1
43	14	1
9	-5	1
21	20	1
1	-6	3
20	18	1
11	19	1
6	1	1
3	-6	1
19	-13	1
6	-1	1
28	55	1
9	-6	1
31	1	1
13	-1	1
12	-7	1
0	-8	1
21	24	1
