2	-4	9
4	2	7
2	-2	16
4	-2	8
3	-3	3
10	2	1
5	0	15
5	-4	7
3	0	12
4	-4	1
11	-6	2
3	-1	15
5	-3	2
2	0	16
1	-2	13
3	-5	6
5	-2	7
3	-2	12
3	1	5
11	-7	1
9	3	1
1	-7	5
3	-6	3
0	-1	4
2	-3	2
17	21	1
4	-1	5
6	1	1
1	-9	2
0	0	7
7	-14	1
13	-13	1
6	-7	1
1	-3	7
7	-2	2
10	14	1
0	-5	9
0	-2	11
6	-2	6
6	-14	1
7	-1	4
1	-6	5
5	-1	4
8	0	2
2	-9	2
2	-15	1
11	-10	1
12	21	1
3	-4	4
1	1	2
38	2	1
0	-7	1
5	-5	2
5	-6	3
4	0	7
0	-4	2
0	-3	4
26	-4	1
24	1	2
35	3	4
35	4	1
6	0	1
6	-3	3
1	-8	4
3	-12	1
1	-10	3
2	-1	4
2	-5	4
6	6	1
2	3	2
5	2	2
1	-11	1
1	-5	2
11	16	1
4	-12	1
6	-1	2
0	2	2
4	3	1
10	-8	1
12	-5	1
9	-3	1
8	-4	1
0	1	3
4	1	1
1	-4	2
5	24	1
1	0	6
2	-6	3
3	4	1
16	29	1
6	-11	1
39	-15	1
29	0	1
0	-6	2
62	32	1
13	-4	1
11	19	1
20	3	1
37	6	1
0	-11	1
5	23	1
0	-13	1
21	21	1
1	2	2
1	-1	2
2	2	2
34	1	1
11	18	1
9	47	1
6	-5	2
55	69	1
2	-8	2
12	-12	1
2	-10	1
5	1	1
13	2	1
53	23	1
18	-10	1
1	-15	1
2	-13	1
2	-11	1
