4	0	9
4	2	14
1	1	3
1	-10	4
2	-12	3
1	-3	3
11	25	1
6	-2	5
1	-11	2
0	-3	10
3	-2	9
13	-8	1
0	-2	7
4	-1	9
5	0	13
4	-11	1
6	-4	3
0	-7	4
4	-3	4
1	-2	8
2	-4	11
5	1	1
4	-4	5
0	-6	6
1	0	8
3	-1	7
9	-2	1
0	-5	11
2	0	7
5	-2	5
0	-1	10
0	2	2
4	-2	4
12	-7	1
2	-7	2
3	0	10
3	1	2
2	-9	1
14	-10	1
7	0	2
11	23	1
0	0	10
2	-14	1
2	-2	6
11	5	1
3	-3	2
1	-8	4
2	-3	1
1	-4	3
12	1	1
38	5	1
0	-4	4
3	-5	3
34	3	1
2	-15	1
1	-12	2
3	-11	1
2	-5	4
2	-1	5
4	-5	1
5	-12	1
27	0	1
1	-7	1
10	11	1
9	-3	1
35	3	3
9	0	1
1	-1	6
5	-4	2
3	-6	4
7	-1	1
3	2	2
1	-9	3
1	3	1
34	1	1
5	-1	3
6	-3	2
8	0	1
6	-11	3
7	-10	1
53	8	1
10	-6	1
5	2	2
1	-13	2
11	-3	1
1	-6	1
7	-8	2
8	-4	1
5	-5	1
6	-1	1
5	-3	4
3	-4	5
30	0	1
11	-6	1
44	65	1
9	-4	1
1	-5	3
9	-13	1
6	0	2
6	-5	2
39	6	1
2	-6	1
11	16	1
0	-10	1
0	-9	1
5	-6	2
5	5	1
21	20	1
11	17	1
0	-8	1
4	1	1
41	28	1
13	-12	2
16	-13	1
2	1	1
1	2	1
4	3	1
2	-10	1
21	23	1
