4	2	11
3	1	5
0	-8	3
4	-6	1
7	29	1
1	-4	8
2	-2	5
0	1	1
5	-4	8
4	-3	2
0	-5	10
5	-2	6
4	-2	6
5	-6	2
0	-6	6
4	0	7
5	0	13
6	-4	1
0	-4	6
5	-1	3
2	-4	7
12	3	1
3	-3	4
3	0	17
2	-3	3
2	-1	10
2	0	3
1	-2	13
0	0	5
1	-6	2
3	-4	3
4	-1	7
5	5	1
1	-1	5
7	0	2
0	-10	1
1	-7	4
3	2	1
3	-12	1
3	-2	11
0	-7	1
1	-13	1
0	-11	1
0	-18	1
34	1	1
8	-5	1
3	-5	4
0	-2	13
37	4	1
1	-9	1
6	-5	3
1	-12	1
1	-5	2
2	-10	1
0	-3	6
5	1	4
35	3	3
0	-1	2
7	-1	2
2	-9	1
13	-1	1
1	0	6
1	-11	4
2	1	6
3	-6	1
3	-1	8
25	1	1
1	2	2
23	-8	1
8	-11	1
7	-2	3
31	-4	1
15	-13	1
6	0	3
8	-2	1
5	-5	1
12	-4	1
6	-14	1
13	-5	1
6	-8	1
6	-2	3
11	5	1
3	-7	1
11	-6	3
16	-13	1
7	-3	1
2	-5	4
3	-10	1
0	2	2
3	-15	1
2	-11	1
1	-3	3
12	1	1
5	2	1
2	-8	2
9	0	1
6	-15	1
44	15	1
15	24	1
0	-17	1
3	3	2
6	-3	1
1	1	1
17	19	1
21	21	1
4	-13	1
1	-8	2
10	26	1
4	1	3
10	-5	1
33	48	1
15	-12	1
8	0	1
35	2	1
14	0	1
5	3	1
2	-12	1
20	25	1
