4	0	7
4	2	18
1	0	3
0	-7	7
2	-16	1
0	-1	8
37	6	1
7	6	2
13	-8	1
2	-9	6
1	-3	7
4	-3	3
2	1	6
3	-2	8
6	-14	1
0	-2	12
1	-4	7
3	-7	1
2	-1	11
0	-6	7
1	-1	4
4	-2	6
7	-5	1
0	-4	2
16	-11	1
5	-5	3
3	-1	4
1	2	2
1	-2	9
4	-9	1
4	-1	9
5	0	8
2	-2	13
0	0	9
5	23	1
2	-8	3
7	0	2
1	-9	2
5	-3	1
5	-2	8
5	5	1
2	-6	5
2	-4	2
1	-8	4
5	-1	4
0	-3	7
4	-6	1
1	-10	2
2	0	5
5	-4	4
0	-14	1
2	-5	5
2	-10	2
26	0	1
40	8	1
10	14	1
3	1	3
17	2	1
3	-4	3
11	21	1
1	-7	2
3	0	7
1	-11	2
4	-5	2
2	2	2
6	-4	2
5	-6	7
3	-6	3
15	26	1
6	-2	3
11	-8	1
35	3	2
0	-5	12
11	-6	1
3	-3	2
6	0	2
6	-12	1
5	-11	1
1	1	1
7	-1	2
39	6	1
4	4	1
5	1	1
11	2	1
10	6	1
10	-4	1
12	-7	1
9	-4	1
6	2	1
87	64	1
6	6	1
0	1	2
2	-3	1
12	-11	1
3	-5	1
5	2	6
14	0	1
0	-12	1
3	2	1
1	-5	1
7	-2	1
6	-5	2
14	19	1
6	-10	1
0	-11	2
3	3	1
6	-3	2
11	-7	1
8	-3	1
41	10	1
24	1	1
31	10	1
15	19	1
