1	-4	5
4	2	9
3	-2	17
3	-1	5
4	-4	2
8	1	1
6	0	7
5	0	12
6	-2	2
4	-2	11
2	-2	11
2	-1	6
10	-8	1
0	0	5
0	-5	8
3	0	16
7	-3	1
4	0	7
9	-4	1
1	-11	1
9	0	1
1	-7	3
1	-8	2
3	-3	2
1	-2	11
19	24	1
0	-6	2
0	-11	2
1	0	10
1	-1	6
7	0	1
0	-7	4
4	-15	1
4	-1	5
17	-12	1
3	-6	1
0	-4	5
10	-4	1
4	4	1
2	0	13
5	-3	6
6	-4	1
4	1	3
3	-5	2
6	-1	2
11	-6	1
6	-15	1
2	-4	7
13	2	1
1	-10	3
0	-2	13
14	-11	1
2	2	6
6	-3	2
38	4	1
5	-5	2
3	-7	2
5	-2	9
3	1	2
0	-1	2
28	-7	1
2	-3	1
5	1	1
2	-5	3
2	1	2
1	-5	2
4	-3	4
5	-1	5
10	13	1
2	3	3
6	-5	4
0	2	3
8	18	1
9	-3	1
7	-1	3
7	-10	1
13	-4	3
13	-8	1
2	-6	2
0	-8	2
1	2	3
1	-15	1
1	23	1
11	23	2
2	-12	1
2	-9	1
56	25	1
1	-12	1
0	-3	2
2	-11	2
15	2	1
15	25	1
1	-6	2
10	1	1
3	-8	1
5	-6	2
1	-3	2
40	8	1
4	-11	1
8	-4	1
9	-5	1
20	18	1
35	3	3
6	22	1
0	42	1
13	-6	1
0	1	1
1	-9	2
3	2	1
5	2	1
61	31	1
13	1	1
13	-9	1
1	-14	1
2	-8	1
8	8	1
5	-4	1
