6	-11	1
4	2	19
0	-3	6
1	-1	2
0	-18	1
5	0	13
1	2	1
0	-1	6
20	3	1
5	-1	6
5	-2	7
0	-5	11
1	-2	10
4	-3	3
8	-11	1
1	1	2
2	-4	10
2	-13	1
1	-5	3
5	-4	8
3	0	9
3	-1	8
0	-2	13
1	-3	8
2	-2	6
10	-4	2
1	0	4
15	-11	1
4	-2	8
0	-4	7
2	-6	5
6	-4	2
2	-5	4
1	-7	2
3	2	1
6	-2	4
0	-6	10
4	0	4
3	-3	3
3	-5	1
1	-10	4
4	-1	4
5	-7	1
1	-6	1
7	-2	1
2	1	2
5	-3	1
3	-4	4
0	2	3
2	2	2
1	-4	6
0	0	6
9	-5	1
3	1	4
3	-6	2
0	1	3
5	2	2
11	-4	2
2	-12	2
2	-1	6
15	26	1
35	3	2
9	-7	1
2	-7	2
12	-6	1
12	20	1
6	-13	1
2	-9	2
7	-10	1
9	-3	1
0	-9	2
3	-2	7
38	3	1
12	-5	2
18	27	1
0	-7	5
75	39	1
3	3	2
0	-8	3
2	-10	3
2	0	6
28	17	1
5	-5	2
1	-12	2
6	-10	1
13	-4	1
4	1	1
11	17	1
8	0	1
62	33	1
11	24	1
2	-3	2
6	-3	2
1	-9	2
6	0	1
5	-6	1
5	-11	3
5	23	1
0	-17	1
3	-12	1
27	0	1
3	-7	1
4	-4	1
18	26	1
12	1	1
7	0	1
17	22	1
1	-8	1
6	1	1
10	13	1
7	-1	1
19	-16	1
