3	-2	6
4	2	12
3	1	6
2	-11	1
2	-4	11
31	0	1
6	28	1
5	1	3
0	-6	6
0	-3	8
1	0	8
5	-2	11
6	-2	4
5	0	14
0	-11	1
5	-6	3
0	-8	4
2	0	9
4	-2	3
4	-4	2
0	-2	9
4	-3	4
1	-9	3
4	0	11
11	2	1
0	-5	10
0	0	10
3	-1	8
1	1	5
2	-2	13
3	-5	7
3	2	3
3	-7	1
15	-10	1
4	-1	7
7	-1	3
1	2	2
10	12	1
0	-1	5
0	1	3
1	-13	3
1	-2	6
5	5	1
1	-6	2
1	-11	2
1	-1	4
1	-14	2
2	-7	1
0	-4	6
1	-4	4
35	3	5
9	-2	1
14	25	1
34	3	1
5	-4	3
1	-15	2
2	-5	4
13	3	1
3	-11	1
5	-3	2
2	-1	9
0	-7	4
4	-5	1
13	2	1
5	-1	3
2	-3	1
6	0	3
11	-4	2
3	-4	3
1	-10	2
6	-3	4
9	-4	2
2	2	1
26	1	1
24	-5	1
6	-5	1
6	-11	2
3	-3	2
41	0	1
12	-11	1
5	-5	2
10	-4	1
7	-9	1
7	7	1
11	1	1
7	0	2
18	3	1
44	65	1
11	-8	1
9	-5	1
7	-2	1
1	-12	1
6	-1	1
2	-14	1
9	0	2
5	2	1
1	-7	3
0	2	1
3	0	5
4	1	1
13	24	1
0	-13	1
3	3	1
12	-6	1
11	16	1
20	22	1
4	-12	1
9	26	1
1	-5	1
8	-3	1
35	41	1
4	-6	1
16	-13	1
2	-9	1
1	-3	1
10	-3	1
3	-6	1
12	1	1
4	3	1
2	-12	1
1	-8	2
21	26	1
6	-8	1
