0	-6	10
4	2	19
1	-2	14
7	-15	1
8	-4	1
18	3	1
2	2	1
10	-4	1
2	-4	13
3	0	14
13	-6	1
2	0	6
0	-5	15
6	-15	1
1	-3	7
3	-3	5
2	-7	1
0	-4	5
2	1	5
0	-3	9
2	-2	12
6	-2	3
8	-8	1
27	-11	1
5	-2	5
3	-1	4
4	-7	1
5	-1	3
5	-4	7
3	-4	3
2	-9	3
2	-10	1
0	3	1
0	-2	7
0	-1	4
9	9	1
2	-6	1
4	-3	2
4	-2	7
6	-4	2
1	-1	3
2	-5	1
4	0	6
4	-1	4
0	-10	1
1	-4	7
4	-4	1
1	-10	3
5	-6	3
1	-9	3
5	-5	1
1	-8	6
13	2	1
0	1	2
40	8	1
1	0	6
3	1	3
6	-1	1
2	-1	9
2	3	3
11	1	1
1	-5	3
3	2	3
6	-3	1
7	0	2
1	-12	1
3	-2	7
19	28	1
35	3	2
8	0	1
5	-9	1
0	0	5
5	0	10
28	-7	1
3	-5	1
9	-11	2
10	-8	1
4	-5	2
37	5	1
15	-11	1
14	25	1
0	-7	3
78	35	1
7	-1	2
9	-3	1
15	19	1
19	3	1
8	6	1
13	-1	1
11	-7	1
24	40	1
7	1	1
6	-5	1
79	57	1
9	26	1
11	-6	1
5	-3	1
5	2	1
13	-3	1
2	-8	1
0	-17	2
4	1	2
6	0	1
9	0	1
1	1	1
3	3	1
1	-7	1
7	-10	1
11	-9	1
17	21	1
35	2	1
6	6	1
8	-3	1
6	-10	1
25	-21	1
