4	0	7
4	2	15
1	0	4
0	-7	3
2	-17	1
0	-1	10
37	4	1
9	8	1
12	-7	3
2	-10	4
1	-2	15
4	-2	10
1	1	4
3	-2	6
6	-14	1
0	-4	7
1	-4	3
2	-1	12
0	-5	13
1	-1	5
4	-4	1
3	-1	8
0	1	3
5	-2	6
15	-10	1
5	-9	1
4	-1	4
5	0	8
2	-9	3
1	-9	5
8	0	1
5	-1	2
0	-2	12
0	0	8
5	24	1
1	-3	4
7	0	1
7	7	1
3	-3	3
2	-4	8
1	-10	3
0	-3	3
4	-6	1
2	-3	2
3	0	8
5	-6	4
0	-14	1
1	-7	3
26	0	1
27	0	2
2	-2	6
40	8	1
2	0	6
11	16	1
5	-3	2
20	3	1
11	24	1
1	-8	4
1	-11	1
5	-5	2
3	1	1
6	-5	2
5	-7	2
0	-6	7
34	4	1
3	-5	3
12	25	1
6	-2	2
11	-8	1
35	3	2
6	0	3
4	-3	2
2	-8	1
10	-6	1
2	1	2
2	2	2
5	-4	7
6	-12	1
5	5	2
3	-10	1
63	19	1
5	-11	1
7	-1	2
1	-12	1
11	1	1
6	-4	1
10	-4	1
1	-5	2
6	-6	1
2	-6	3
6	2	1
4	4	1
1	-6	1
11	-11	1
2	-5	2
5	2	3
13	1	1
3	-4	1
4	1	1
0	-11	2
2	3	1
7	-2	4
17	19	1
0	-8	1
1	2	2
6	-3	3
11	-7	1
6	6	1
5	1	2
43	15	1
6	1	1
18	18	1
