1	-3	5
1	-2	10
2	-2	8
2	-4	12
15	2	1
3	1	4
5	0	21
6	-3	2
4	2	8
4	-6	1
7	0	3
2	-1	6
5	-4	4
3	0	15
0	-1	10
5	-5	3
5	-2	10
5	-3	4
11	-5	1
2	-8	2
9	3	1
1	-9	3
2	-5	7
4	0	10
13	19	1
1	-7	3
1	-6	2
1	-13	2
4	-2	5
5	1	2
3	-9	1
7	-14	1
4	-1	6
9	-12	1
5	-9	1
3	-2	15
3	-5	3
2	0	14
11	19	1
0	-5	6
7	-2	2
7	-1	3
4	-14	1
0	-6	4
3	-1	7
4	-4	6
1	0	5
1	-4	4
5	2	4
2	-9	1
1	-16	1
0	0	7
2	-6	2
11	-10	1
5	-1	5
12	23	1
6	-5	2
38	2	1
0	-7	2
6	-2	2
4	-3	1
0	-3	6
3	-6	2
16	2	1
3	-3	1
4	1	3
35	3	1
34	1	1
0	-9	1
1	-12	1
1	-1	3
2	2	1
1	2	3
1	1	2
2	3	2
14	-11	1
1	-5	1
10	11	1
7	-11	1
0	1	2
4	3	1
11	-8	1
11	-4	1
12	-5	1
12	-7	1
0	-8	1
0	-2	7
8	-2	1
3	-4	3
5	-6	2
6	20	1
20	35	1
9	-11	1
21	3	2
4	-5	3
64	40	1
2	-3	5
32	1	2
14	-2	1
10	14	1
0	-11	1
0	2	1
5	-8	1
1	-10	2
6	22	1
2	-13	2
2	1	3
6	-4	1
21	23	1
4	4	1
10	13	1
3	-7	1
52	69	1
2	-10	2
17	-14	1
49	20	1
1	-14	1
1	-8	1
15	19	1
