4	0	6
4	2	19
2	-1	11
0	-7	3
2	-14	1
1	0	6
37	6	1
4	4	1
13	-8	2
2	-8	1
1	-5	3
2	1	4
1	-2	13
6	-14	1
0	-2	15
1	-4	6
2	-4	8
3	-8	1
3	0	12
0	-6	8
4	-2	9
7	-4	1
5	-5	2
4	-3	1
3	-1	5
0	1	2
5	-4	7
1	-1	4
11	-6	2
5	-8	1
4	-1	4
5	0	6
3	-10	1
2	2	1
3	-2	9
0	-1	4
6	21	1
1	-6	2
2	-7	1
6	0	2
5	-1	7
1	-9	4
5	-2	10
3	3	1
2	-2	9
0	-8	5
0	-3	3
5	-6	5
0	-14	2
3	-6	3
2	-10	1
2	-5	6
26	0	1
40	8	2
2	0	6
10	12	1
3	1	2
14	2	1
1	-7	3
3	-4	3
11	18	1
0	-4	5
1	-11	2
1	-10	1
0	-5	8
3	-7	1
15	26	1
35	3	1
2	-9	2
12	-7	2
2	-3	2
1	-3	5
0	0	6
5	-3	1
30	0	1
6	-11	1
9	9	1
69	20	1
5	-11	1
7	-1	2
6	6	1
5	2	3
11	2	1
1	-8	3
4	-5	1
10	-4	1
4	1	1
28	59	1
8	-2	1
5	1	2
9	8	1
7	0	1
11	-11	1
2	-11	1
3	-5	2
15	0	1
1	-12	1
7	-2	1
6	-5	2
11	19	1
3	-3	1
10	-8	1
10	14	1
9	-4	1
1	2	1
0	-10	1
22	3	1
6	-4	1
31	10	1
12	20	1
