1	-9	2
4	2	20
2	-2	10
6	-17	1
7	-2	3
4	0	7
2	1	5
9	-2	2
1	-2	12
5	-4	5
2	-1	8
0	-7	5
8	-3	2
4	-1	7
1	0	4
0	-3	11
8	-16	1
1	-5	1
2	-8	1
2	-5	2
1	-1	7
0	-4	6
3	-2	9
13	-5	1
27	-11	1
5	1	2
5	-5	3
4	-3	5
5	-3	3
1	-4	4
0	-6	8
1	-8	2
1	-7	3
0	1	2
2	-4	8
0	-1	4
3	2	5
0	-5	11
7	-1	1
2	-6	5
5	0	8
3	-1	6
6	-3	3
2	0	9
4	-6	1
4	-2	7
1	1	1
0	-13	2
1	-3	8
3	3	1
2	-3	2
2	-10	2
3	-6	1
0	-2	7
3	1	1
3	0	5
11	2	1
6	-2	3
1	-10	2
0	-8	2
2	3	3
5	-2	8
2	-12	2
6	-4	1
18	27	1
35	3	2
9	-6	1
6	-8	1
2	-9	2
7	7	1
5	-15	1
3	-3	5
28	-7	1
5	-9	1
0	0	4
3	-4	4
37	5	1
16	-10	1
17	26	1
75	39	1
7	0	2
2	-11	1
1	-6	2
33	1	1
7	-10	1
11	-5	1
2	-7	2
17	29	1
8	2	1
68	46	1
7	27	1
9	-3	1
6	-11	1
5	2	1
4	-5	2
12	-7	1
7	18	1
0	-17	1
3	-5	3
10	-8	1
18	24	1
28	0	1
6	0	1
11	18	1
4	-4	1
16	19	1
1	-11	1
