1	-3	8
4	2	10
2	-1	7
8	1	1
5	-1	4
5	0	17
6	-2	3
3	-2	17
4	-2	9
3	0	18
10	-9	1
5	-3	4
0	0	7
2	0	13
0	-5	11
1	-2	13
7	-2	2
9	-1	1
1	-10	2
1	-8	5
1	-9	2
3	-1	14
0	-2	7
20	24	1
0	-10	1
7	0	2
0	-7	2
4	0	7
4	-1	4
18	-12	1
2	-5	3
4	-4	2
10	-4	1
2	-4	7
2	2	3
6	-4	1
6	-3	2
4	-5	1
4	1	3
11	-6	1
6	-15	1
16	2	1
1	-11	2
0	-4	4
17	-10	1
13	20	1
2	1	3
5	-2	11
4	-3	4
1	0	10
0	-3	6
18	33	1
5	-4	4
3	-4	5
6	0	3
0	-1	5
0	-6	3
1	-5	3
11	16	1
1	2	2
2	-2	7
0	-11	1
6	-1	3
7	-1	3
13	-4	3
12	-7	2
0	2	4
1	-1	3
0	1	3
1	-16	1
1	23	1
1	-7	1
10	13	1
12	20	1
1	-12	2
36	-14	1
2	-9	2
51	21	1
1	-13	1
5	2	2
2	-10	1
9	0	1
16	26	1
1	-6	2
5	-6	1
41	9	1
5	-11	1
11	20	1
9	-5	1
6	-11	1
9	-6	1
17	19	1
9	-2	1
6	-5	2
35	3	2
1	3	1
1	-4	2
5	24	1
2	3	2
12	-5	1
52	65	1
3	-5	1
0	-8	2
6	2	1
5	1	1
63	34	1
2	-3	3
5	-5	1
15	2	1
2	-6	1
3	-8	1
4	4	1
