3	-3	4
4	2	16
2	-2	11
0	-5	11
4	-14	1
7	0	2
3	2	3
12	-5	1
1	-7	2
1	-5	2
2	0	11
2	-6	1
2	1	3
2	-1	16
6	-14	1
1	-4	4
1	-3	9
2	-8	2
2	-4	9
0	-7	5
2	-3	1
5	-4	7
8	-5	1
23	-13	1
4	-1	5
3	-1	5
0	0	8
5	-6	7
1	-2	8
1	0	3
8	-3	2
5	-7	2
4	-2	8
3	-10	1
1	3	2
10	19	1
3	-5	4
5	-1	3
1	-8	5
3	1	2
0	-6	6
5	-2	8
6	-2	2
5	-5	1
3	-2	6
3	0	11
0	-14	1
1	-9	3
2	-10	2
26	0	1
0	-1	7
40	8	1
7	7	1
0	-8	3
2	2	2
9	0	1
0	-4	7
10	13	3
1	-11	1
1	-10	4
0	-3	4
4	-4	1
0	-2	8
17	27	1
9	-1	1
35	3	1
1	-1	5
4	0	5
1	-6	3
5	0	7
16	-11	1
6	-8	1
9	-11	1
74	28	1
5	-3	3
5	-11	1
7	-1	1
13	-6	1
41	13	1
10	12	1
6	2	1
6	-4	1
11	2	1
6	-3	2
3	-4	3
2	-5	1
12	5	1
12	-7	1
7	-2	4
11	17	1
5	1	2
10	-6	1
4	-3	2
11	-12	1
2	-13	1
5	2	2
14	-1	1
2	-7	1
2	-12	1
6	0	1
0	-11	2
3	-6	1
11	-10	1
13	20	1
36	3	1
16	2	1
6	-5	1
4	-5	1
