4	-1	8
4	2	12
2	1	4
1	-10	2
1	-4	4
35	3	5
7	29	1
5	0	14
1	-8	1
3	0	8
4	-2	5
9	-4	1
0	-3	10
5	-5	3
0	-7	6
0	-1	11
5	-2	8
3	-4	4
1	0	9
4	-3	2
1	-7	5
1	-2	5
11	1	1
0	-5	6
0	-2	8
4	0	11
0	1	1
3	-2	9
2	-1	10
3	-5	3
3	2	2
2	-9	2
15	-9	1
7	0	2
1	2	4
11	17	1
0	0	11
0	-11	2
6	-2	5
2	0	6
2	-14	1
2	-2	3
8	6	1
2	-5	5
1	-9	2
1	-6	3
1	-5	3
0	-4	7
1	-12	1
6	1	1
2	-4	2
34	4	1
7	1	1
14	25	1
2	-3	2
1	-14	2
14	2	1
3	-11	1
3	-6	2
6	-4	3
5	-1	4
0	-6	2
3	-13	1
4	-4	3
22	3	1
1	-3	5
0	-8	3
5	5	1
9	-3	2
2	-6	4
1	-1	3
9	-5	1
4	-7	1
6	0	2
4	-5	1
28	0	1
24	-4	1
5	-4	6
5	-6	1
6	-11	1
3	-1	7
8	-10	1
48	5	1
9	-11	1
3	-3	6
6	-3	2
5	-3	2
10	-4	1
5	2	2
7	-10	1
7	-8	1
4	4	1
9	0	1
7	-1	1
24	1	1
11	-6	2
2	-10	1
12	-8	1
1	1	2
7	-2	3
13	-9	1
5	1	2
0	-12	1
2	-16	1
8	0	2
3	1	1
10	1	1
6	-5	1
6	-12	1
11	21	1
3	3	1
4	-6	1
10	13	1
21	22	1
3	-12	1
2	-12	2
11	23	1
38	33	1
1	-11	1
16	-13	1
13	-4	1
4	3	1
21	25	1
