2	0	18
4	2	10
2	1	6
3	1	8
4	-5	1
10	-9	1
3	-1	8
0	-4	5
2	-2	11
3	0	11
1	-2	9
10	-10	1
3	-3	2
5	0	20
4	-1	4
1	-1	3
0	-7	5
3	-2	14
4	-2	9
1	0	6
10	-8	1
2	3	3
0	-2	11
1	-3	3
2	-7	2
1	-13	2
7	-1	4
4	0	5
21	20	1
0	-5	6
5	-1	7
4	-11	2
4	1	7
0	-6	4
14	-12	1
2	-1	9
6	-2	1
7	-11	1
13	-7	1
5	-4	6
0	-8	1
2	-5	10
0	-1	4
1	-11	2
0	-3	4
0	0	6
3	-5	3
1	-4	3
2	-4	11
11	-9	1
6	-12	1
35	2	2
30	0	1
5	5	1
14	2	3
6	-4	1
5	-3	4
1	-6	2
0	2	1
5	4	1
5	-2	4
26	-8	1
18	3	1
6	0	6
16	2	1
11	-5	1
1	-9	3
16	27	1
6	-1	2
26	0	1
1	-5	2
0	23	1
3	2	1
8	-11	1
23	2	2
0	1	1
13	-4	1
8	-3	1
4	-3	2
2	-10	2
1	-8	3
2	2	3
19	25	1
5	-5	1
7	0	4
1	28	1
2	-3	2
2	-6	1
5	34	1
1	1	2
2	-9	1
3	-4	4
4	-4	2
4	3	1
20	-11	1
0	-9	1
1	-12	1
12	-3	1
7	-2	1
13	25	1
5	2	2
6	-3	2
7	-5	1
8	-2	1
36	2	1
4	-10	1
9	10	1
25	-9	1
8	0	1
4	4	1
35	3	2
0	32	1
10	-6	1
11	19	1
6	2	1
9	-1	1
6	1	1
52	66	1
1	-7	2
6	-11	1
32	1	1
75	53	1
6	-6	1
6	6	1
26	1	1
5	1	1
0	-14	1
3	-8	1
5	-6	1
