0	-1	9
4	2	14
0	-3	5
2	-7	1
2	-4	6
32	0	1
11	19	1
2	-1	7
5	0	21
1	2	2
5	-6	2
1	-3	8
0	-5	11
3	-1	10
0	-2	11
5	-5	4
3	-3	5
3	0	11
5	-4	9
6	-5	2
6	-2	8
1	-8	4
4	-3	2
2	-2	9
2	-5	3
10	3	1
1	-9	1
4	4	1
0	-4	8
2	-3	2
2	0	4
0	-7	3
4	-2	11
6	-12	1
4	-1	8
3	-2	7
1	-4	4
0	0	6
2	1	5
1	-2	10
1	-10	3
3	2	1
3	-12	2
1	-7	1
0	-6	4
27	-7	1
7	-2	2
2	-8	2
16	26	1
1	-6	1
3	-5	2
4	0	8
6	-10	1
3	-6	1
5	1	1
35	3	1
8	0	2
4	1	3
2	-6	4
11	-4	2
0	-13	1
1	0	11
1	1	3
5	-3	2
24	-9	1
6	0	4
5	-2	5
8	-11	1
7	-1	1
0	-8	1
4	-4	2
15	-11	2
27	0	1
15	-13	1
2	-9	3
2	-14	1
13	-5	1
8	8	1
3	-4	3
27	56	1
13	-10	1
22	-11	1
7	0	1
6	-3	1
6	-6	1
1	-11	3
12	1	1
3	1	3
0	-15	1
5	2	1
6	-16	1
5	-1	3
10	1	1
11	24	1
9	-3	2
0	1	1
21	21	1
18	19	1
1	-1	2
2	-10	1
11	16	1
19	-11	1
6	-1	1
29	56	1
1	-12	1
31	1	1
1	-5	1
36	2	1
13	0	1
0	2	1
14	-8	1
1	-13	1
6	-11	1
9	0	1
