0	-1	10
4	2	9
6	-5	3
8	0	2
4	-2	7
5	0	26
6	-2	2
3	-2	15
3	-1	12
2	-2	15
2	0	11
4	1	4
1	-1	6
2	-4	6
3	0	6
2	-1	13
0	-2	10
9	-5	1
3	1	4
3	2	4
2	-5	4
0	0	9
2	-10	1
1	-12	2
5	-1	6
21	24	1
0	-6	8
1	-2	10
7	-1	5
1	-10	1
1	-11	2
18	-12	1
1	-5	3
5	-4	7
13	-6	1
3	-3	3
0	-5	5
6	-4	1
0	-12	1
5	-2	6
0	-4	4
2	1	5
5	-5	2
6	0	2
11	-7	1
27	0	1
2	-11	1
26	-8	1
11	17	1
28	0	1
15	26	1
7	0	2
1	-3	2
4	0	8
2	-6	5
1	0	5
9	-3	1
1	-9	3
4	-1	4
11	22	1
9	0	2
1	-8	3
1	-13	1
5	24	1
2	2	1
6	-3	2
9	-7	1
6	-7	1
14	-3	1
1	1	3
9	1	1
4	-4	2
1	2	2
18	26	1
0	23	1
2	-3	2
2	-9	1
11	23	1
8	8	1
0	-3	4
0	2	2
1	-4	2
42	14	1
0	-15	1
9	-4	2
0	1	1
11	-6	3
15	27	1
1	-6	2
5	2	1
4	-8	1
6	-11	1
10	11	1
34	3	1
11	16	1
3	-4	2
35	3	2
1	29	1
5	32	1
4	-3	1
4	3	1
0	-7	2
52	65	1
15	2	1
6	-1	3
67	44	1
3	-5	1
26	0	1
5	1	1
6	2	1
1	-14	1
3	-6	1
4	-10	1
5	-6	1
