4	2	20
2	-1	13
0	-6	4
3	-14	1
4	0	6
37	4	1
3	3	2
13	-8	2
1	-7	5
1	-5	4
2	1	4
3	-4	2
18	-10	1
1	-3	10
6	-14	1
2	-4	8
2	-8	1
3	0	8
2	-3	2
5	-3	3
7	-5	1
22	-11	1
5	-5	3
4	-2	8
3	-1	6
0	0	9
5	-6	5
1	-1	5
0	-1	8
9	-4	3
5	-8	1
5	0	8
2	-9	3
3	-10	1
2	2	2
7	18	1
6	0	1
4	-1	5
1	-9	5
5	-2	10
1	-2	10
0	-7	7
3	-2	6
5	-1	5
0	-4	7
4	-6	2
2	-5	7
2	-11	2
26	0	1
0	-2	12
1	0	4
9	9	1
1	-8	4
12	1	1
4	-4	3
0	-3	2
11	16	2
0	-5	11
1	-11	2
1	1	1
3	-3	2
16	27	1
35	3	2
0	-8	4
2	0	9
2	-10	1
13	-10	1
3	1	3
1	-4	3
8	0	3
7	-11	1
71	22	1
5	-11	1
4	-3	2
7	-1	1
41	10	1
7	7	1
6	-5	2
11	2	1
3	-6	2
11	5	1
11	-3	1
3	2	1
12	-7	1
27	56	1
7	-2	3
85	69	1
6	1	1
2	-2	6
11	-11	1
1	-10	1
5	2	1
14	-2	1
2	-12	1
6	-2	1
6	-3	3
10	-9	1
11	18	1
5	1	3
1	2	1
38	5	1
5	-4	2
0	-10	1
19	3	1
6	-4	1
31	10	1
11	17	1
