1	-3	7
4	2	12
2	-2	11
3	-2	15
2	-4	8
11	2	1
4	1	2
5	0	18
5	-4	7
4	-5	4
9	-1	1
3	-1	7
6	-3	1
2	0	13
1	-1	2
5	-2	11
4	-2	4
11	-6	2
3	1	4
2	-9	4
9	3	1
1	-8	4
3	-5	4
1	-2	13
17	20	1
2	-6	4
1	-15	2
3	0	18
1	-4	5
4	-1	5
5	1	2
0	0	6
12	-12	1
3	-6	3
6	-2	4
2	-1	7
11	17	1
4	0	8
0	-5	6
0	-2	11
7	-2	3
5	-14	1
6	0	1
0	-6	3
7	1	1
1	-6	1
11	-10	1
12	23	1
3	-4	6
6	-6	1
4	-4	2
38	2	1
0	-7	1
5	-6	3
0	-4	2
5	-1	8
22	3	1
3	-3	4
35	3	1
34	3	1
4	-11	1
1	-11	2
0	-1	6
4	4	1
1	3	1
2	-5	6
2	3	2
12	-11	1
6	1	1
1	-12	1
1	-5	1
10	13	1
5	-11	1
6	-1	1
0	1	3
4	3	1
7	0	1
11	-8	1
11	-4	1
6	-4	4
13	-6	1
1	-7	2
2	2	2
2	1	1
5	-5	1
5	23	1
1	0	5
3	2	1
16	32	1
8	-11	1
63	38	1
26	0	1
13	-4	1
11	16	2
0	-8	1
0	2	1
5	2	1
37	4	1
5	24	1
1	-13	1
21	22	1
31	1	1
5	-3	1
2	-3	2
2	-7	1
12	48	1
6	-5	1
54	71	1
2	-8	1
14	-13	1
2	-10	1
0	-3	2
1	2	3
16	2	1
52	22	1
7	-1	2
19	-9	1
2	-13	1
3	-12	1
1	-9	2
35	1	1
12	20	1
