0	-8	4
4	2	18
0	-3	11
2	-2	11
7	-17	1
8	-3	2
10	1	1
2	2	3
9	-2	1
0	-2	8
3	-1	8
1	-6	5
9	-3	2
3	0	8
0	0	3
8	-16	1
2	-4	8
2	-7	3
3	-5	6
2	-3	6
1	2	3
2	0	7
1	-4	4
1	-3	9
4	-2	8
13	-6	1
2	-1	10
4	1	1
5	-5	3
0	-7	6
3	-2	9
5	-4	4
5	-2	4
1	-9	3
1	-8	4
0	-1	5
3	3	3
0	-5	9
7	-1	1
6	-3	2
4	-3	3
1	0	6
1	-2	7
2	1	6
0	-13	1
5	-1	2
4	-1	3
5	0	9
0	2	1
1	-1	4
0	1	1
12	3	1
4	-5	1
6	-2	6
5	2	3
3	-3	3
5	-3	4
2	-12	2
6	-5	1
0	-4	8
19	27	1
35	3	2
9	-5	1
5	-9	2
2	-9	1
7	0	2
6	6	1
3	-15	1
28	-7	1
4	-4	3
0	-6	6
10	-8	1
3	-4	2
37	5	1
18	-11	1
16	25	1
77	37	1
24	17	1
28	0	1
7	-10	1
4	0	3
2	3	2
2	-5	5
1	-5	1
13	-4	1
10	-6	1
17	32	1
9	3	1
6	-4	1
8	0	1
2	-6	2
6	-11	1
12	-7	1
9	19	1
0	-17	1
6	0	2
5	-6	1
10	-9	1
18	24	1
31	1	1
0	-14	1
10	15	1
0	-10	1
1	-7	1
18	18	1
2	-11	1
3	2	1
24	-22	1
