4	-9	3
4	2	16
0	-3	7
1	-2	6
2	-17	1
6	-2	6
1	1	3
1	0	5
11	1	2
4	-2	6
5	-3	5
0	-1	13
0	-5	14
7	-2	2
3	-1	8
1	-1	5
1	-3	4
8	-16	1
2	-10	1
2	-5	3
3	-4	7
2	-2	12
11	-5	2
4	1	2
1	-4	3
6	-3	3
0	-6	6
3	-3	2
0	-2	13
1	-9	5
1	-7	3
0	-7	3
2	-4	10
2	-1	5
3	2	2
5	-2	9
7	-1	2
5	0	8
3	0	7
4	-3	3
1	-8	2
4	0	3
4	-7	1
2	1	1
1	-11	2
6	0	1
0	-10	1
3	-5	3
0	0	4
0	1	4
5	1	1
3	1	4
1	2	1
5	-4	3
2	-9	1
2	3	1
5	-1	5
11	-4	1
2	-12	1
4	-1	5
0	-4	4
17	27	1
1	-5	1
5	2	2
35	3	3
9	-7	1
5	-6	3
11	-7	2
10	14	1
3	-2	7
6	-14	1
2	-6	5
8	-11	1
10	-4	1
2	-3	3
2	2	3
13	-8	1
18	27	1
75	39	1
6	1	1
2	-7	1
28	17	1
4	-4	3
2	0	6
13	25	1
64	39	1
8	28	1
6	-1	1
9	-4	1
2	-8	2
1	-6	2
0	-8	1
6	-7	1
12	-6	1
2	-11	1
6	21	1
0	-17	1
1	-12	2
4	-5	1
18	26	1
20	3	1
7	0	1
16	19	1
5	-12	1
3	3	1
0	-11	1
23	-19	1
