2	-1	8
4	2	12
0	-3	8
2	-5	3
0	-4	7
10	11	1
3	0	9
6	-1	5
1	3	2
5	-4	14
0	-2	5
0	-6	6
3	-1	11
5	-5	4
3	-2	14
2	0	10
6	-5	3
3	-3	3
7	-2	3
0	-8	1
4	-2	8
3	-6	3
2	-10	3
5	0	15
8	8	1
0	-5	9
1	-7	3
1	-5	1
4	-4	1
0	0	11
1	-9	4
6	-14	2
4	-1	5
5	-6	3
2	2	3
4	-3	3
1	-4	2
0	2	2
1	-2	11
6	0	4
1	-13	1
4	1	4
1	-12	2
1	-8	3
2	-4	7
2	-6	4
5	-1	8
2	-8	1
3	-17	1
22	-10	1
5	-2	8
1	0	6
0	-1	8
3	-4	2
2	-2	10
0	1	3
1	-3	4
6	-2	5
35	3	1
16	2	1
9	-4	1
6	-11	1
4	0	6
0	-12	1
2	-3	2
3	1	3
24	-9	1
6	-4	1
8	-14	1
7	-1	1
11	-7	1
22	2	1
14	-11	1
10	-4	1
0	-10	1
11	-5	1
12	-6	1
5	-3	1
2	1	5
7	0	1
10	14	1
0	-7	3
5	2	2
26	49	1
13	-10	1
3	-5	3
12	-7	1
1	-11	1
13	1	2
2	-7	1
8	0	1
18	3	1
39	6	1
9	22	1
2	-14	1
21	21	1
12	19	1
1	-1	3
9	0	1
6	-8	1
3	-8	1
23	57	1
37	60	1
2	-12	1
39	7	1
17	-9	1
1	-10	1
7	-12	1
15	2	1
21	22	1
