4	2	18
1	-2	11
2	-2	12
7	-16	1
8	-4	1
13	1	1
2	2	2
9	-3	2
0	-2	10
4	-4	5
3	0	10
2	-6	6
11	-4	1
1	-1	1
0	-4	7
8	-15	1
1	-3	5
1	-4	3
3	-6	3
0	-3	8
1	1	1
2	0	8
2	-4	9
2	-3	6
5	-2	5
12	-6	1
4	-2	10
2	-1	9
0	-6	9
5	-4	5
2	-9	3
1	2	3
0	-1	4
5	5	1
0	-5	13
3	-2	9
6	0	5
3	-4	2
5	-3	5
1	0	6
4	-5	2
3	1	4
0	-11	1
1	-9	4
2	-5	3
8	0	1
0	2	1
41	8	1
2	1	3
5	-1	4
0	0	4
11	2	1
3	-5	1
3	3	2
6	-2	6
5	0	6
1	-5	5
0	-9	1
3	-3	2
6	-3	2
2	-12	2
5	2	2
3	-1	8
4	-3	2
1	-7	2
6	-5	1
19	27	1
35	3	2
9	-4	1
1	-15	1
5	-9	1
5	1	1
11	-8	1
37	5	1
18	-11	1
1	-8	2
77	37	1
7	0	1
0	-8	3
21	18	2
25	0	1
0	-7	4
7	-10	1
5	4	1
13	-3	1
2	-7	1
4	-1	2
11	-7	1
20	35	1
9	3	1
6	-4	2
0	1	2
1	-6	1
8	26	1
9	-5	1
5	-6	1
6	-11	1
2	-11	1
11	-6	1
11	17	1
0	-17	1
19	3	1
2	3	1
6	-7	1
3	2	2
4	0	2
34	1	1
0	-16	1
10	12	1
0	-10	1
1	-11	1
7	-2	1
3	-11	1
4	1	1
