0	-1	9
4	2	14
0	-3	6
2	-6	4
2	-4	7
31	0	1
11	16	1
2	0	7
5	-1	5
1	3	1
6	-5	2
0	-6	6
3	-1	13
0	-2	10
5	-4	10
5	-5	6
3	-2	12
3	0	10
2	-3	1
6	-2	7
0	-8	2
4	-2	8
9	3	1
2	-9	1
5	0	17
6	6	1
0	-4	7
0	-5	7
2	-5	4
2	-1	5
3	-5	3
1	-8	3
6	-13	1
2	-10	2
0	0	11
1	2	3
1	-2	10
6	0	4
1	-12	2
3	2	3
2	-12	2
1	-4	2
1	-6	1
5	-2	11
4	-1	7
1	-7	1
4	0	7
25	-9	1
3	-7	1
1	-1	5
6	-8	1
5	-6	1
4	-3	4
35	3	1
11	1	2
4	1	2
1	-5	2
10	-4	1
4	-11	1
0	-12	1
2	-2	12
3	-3	2
34	3	1
2	1	6
24	-9	1
6	-4	1
5	-3	3
8	-13	1
13	-9	1
24	0	1
15	-12	1
11	-4	1
11	-5	1
1	-13	1
13	-5	1
3	-4	2
7	-1	3
9	10	1
1	0	5
0	-7	2
27	53	1
13	-10	1
24	-13	1
3	-6	1
0	-11	1
12	1	1
1	-9	4
3	1	2
0	-15	1
5	2	1
0	1	2
8	0	3
6	-15	1
4	-5	1
15	2	1
40	8	1
9	23	1
1	-14	1
21	21	1
15	19	1
6	-7	1
1	-10	3
10	14	1
3	-8	1
23	58	1
19	-11	1
32	57	1
1	-3	2
1	-11	1
37	5	1
4	-4	1
14	0	1
0	2	1
7	-12	1
21	23	1
