3	-5	2
4	2	20
2	-1	13
1	-4	10
4	-14	1
9	-1	1
3	2	2
11	-5	1
0	-7	6
2	0	7
14	-9	1
1	0	5
1	-5	3
6	-13	1
2	-2	8
2	-7	1
2	-4	7
0	-8	2
5	-4	7
1	-3	6
25	-11	1
3	-1	10
1	-1	8
5	-7	2
4	0	5
6	-2	3
2	-5	2
4	-2	7
2	-9	1
1	3	1
0	-1	6
11	17	1
2	-8	2
3	-4	5
5	-2	5
4	-1	4
1	-7	3
5	-1	1
5	-3	4
3	1	2
1	-2	5
0	-6	6
5	0	8
1	-6	2
3	0	9
5	-6	5
1	-14	1
1	-9	4
24	0	1
0	-2	13
40	8	1
5	5	1
9	0	1
8	8	1
3	-2	8
0	-5	11
1	-11	1
2	3	1
2	-3	3
1	1	1
2	-10	2
18	28	1
7	0	1
35	3	3
1	-8	4
2	-6	5
2	1	3
1	-10	2
19	-11	1
6	-9	1
0	0	5
3	-3	3
0	-3	7
9	-5	1
9	-2	1
6	-5	1
6	0	2
38	4	1
11	-11	1
11	19	1
76	30	1
6	-3	2
0	-4	3
5	-11	1
7	-1	2
12	-5	1
10	15	1
8	0	1
12	1	1
12	5	1
11	-3	1
12	-7	1
26	50	1
5	1	2
83	67	1
12	20	1
11	-6	1
4	-4	2
11	-12	1
2	-13	1
5	-5	1
5	2	1
14	-1	1
2	-11	1
2	2	1
0	-17	1
7	-2	2
8	-2	1
9	10	1
0	-11	1
4	1	1
4	-6	1
11	-10	1
16	19	1
0	-13	1
0	1	1
1	2	1
10	1	1
32	10	1
9	9	1
