4	2	17
0	-3	7
2	-2	11
4	-17	1
6	-2	5
1	0	7
2	1	2
8	0	1
3	-2	11
5	-4	4
1	-1	8
0	-6	6
7	-2	2
4	-1	6
1	-3	3
8	-16	1
0	-2	12
1	-5	2
2	-9	2
2	-5	3
3	-4	6
3	0	11
0	-1	5
0	-4	8
12	-5	1
23	-13	1
5	1	2
0	-5	16
1	-2	8
3	-3	4
6	-3	4
0	-8	2
1	-7	2
2	-4	9
2	-1	7
3	2	5
5	-2	10
7	-1	2
1	-6	3
5	0	9
5	-3	5
0	-7	3
3	-7	1
1	-12	1
6	-1	1
4	3	1
4	0	2
0	-10	1
1	-10	3
3	-5	4
0	0	5
0	1	2
3	1	4
3	-1	6
11	1	1
5	-5	1
2	-10	1
1	-4	1
2	3	2
2	0	5
4	-2	7
5	-1	2
11	-4	1
2	-12	1
17	27	1
35	3	2
9	-7	1
5	-7	1
1	-9	2
9	-4	1
6	-15	1
29	-8	1
5	-9	1
9	-11	1
11	-5	1
2	-3	3
2	-6	6
38	4	1
1	1	2
14	-10	1
18	27	1
75	39	1
6	1	1
1	-11	2
3	-9	1
2	-7	2
28	17	1
35	2	1
7	-8	1
5	-6	1
1	-8	1
15	27	1
7	1	1
4	-4	1
6	-4	1
65	41	1
6	-7	1
5	-11	1
3	-10	1
5	2	1
11	-6	1
6	20	1
0	-17	1
26	0	1
1	2	1
11	-8	1
3	-6	1
18	25	1
25	0	1
7	0	1
13	20	2
4	1	1
3	-12	1
2	2	1
0	-11	1
24	-20	1
