5	0	12
1	1	4
0	-8	2
3	-16	1
0	-2	9
37	4	1
10	11	1
11	-6	1
2	-10	3
1	-2	11
4	2	14
4	-2	7
19	-10	1
1	0	5
3	-1	8
6	-14	1
2	-2	13
0	-4	9
3	-6	4
1	-4	4
1	-1	5
6	-5	3
0	-5	12
12	-7	3
5	-4	4
3	-2	12
1	2	6
5	-2	2
5	-9	2
4	-1	7
2	-9	2
1	-8	7
8	0	1
6	-1	3
0	0	5
4	24	1
6	0	3
1	-10	4
9	6	1
3	-4	2
3	0	8
5	-3	5
4	-5	1
2	-4	7
6	-8	1
0	-14	1
1	-9	1
25	0	2
2	-3	1
40	8	1
2	0	3
11	19	1
2	-8	1
0	-1	10
14	25	1
4	0	4
1	-11	2
3	1	3
1	-6	2
35	3	3
3	-3	4
11	23	1
6	-3	4
12	-8	1
4	-4	2
2	-1	8
0	-7	2
10	-5	1
0	-6	5
3	2	1
4	-3	2
2	2	3
1	-3	4
5	1	1
5	-5	1
6	-12	1
2	3	1
3	-10	1
5	-11	2
63	19	1
2	1	1
7	-1	1
5	-1	2
1	-13	1
10	1	1
7	-5	1
7	7	1
10	-4	1
36	61	1
2	-5	3
11	-5	1
3	-5	2
6	2	1
2	-7	1
0	-3	1
2	-6	2
1	-5	2
5	2	1
0	1	3
13	1	1
2	-11	2
5	-6	2
5	5	1
6	-2	2
7	-2	1
20	18	2
6	-7	1
9	-5	1
4	4	1
46	17	1
0	-12	1
7	0	1
4	3	1
1	-7	1
4	-6	1
5	-7	1
