3	0	13
4	2	8
5	1	4
2	1	8
3	-5	4
3	-1	10
4	-1	4
0	-5	3
3	-2	10
9	0	1
0	-2	13
10	-9	1
2	-3	6
5	0	23
5	-2	13
2	0	16
0	-7	2
2	3	3
4	3	1
0	-4	3
1	-12	2
7	-1	4
20	18	1
2	-1	13
1	-4	7
1	-1	4
0	-6	5
4	-2	5
7	-2	1
8	-12	1
13	-8	1
5	-4	5
1	-8	3
1	-5	4
2	-2	7
4	-5	1
3	-3	1
1	0	5
0	0	9
1	-3	2
3	1	5
11	-9	1
6	-12	1
33	1	1
2	-7	2
2	-9	3
32	1	1
2	-4	6
3	3	1
1	-2	6
11	1	1
5	-5	2
9	10	1
1	-6	2
6	-3	5
2	-6	5
1	1	1
7	6	1
24	-10	1
23	2	1
4	0	1
4	1	5
2	-5	6
6	0	5
19	3	1
11	-6	1
1	2	2
16	27	1
6	-1	2
3	2	1
29	0	1
1	-7	3
25	0	1
9	-5	1
4	-3	1
1	-10	1
0	-3	3
18	3	1
19	25	1
7	0	4
5	-3	4
2	29	1
5	34	1
6	1	3
4	-4	1
0	-1	2
5	2	2
17	-11	1
0	-11	1
5	-1	4
34	3	1
1	-11	1
2	2	1
3	-4	3
7	-5	1
8	-3	1
35	3	3
4	-10	1
10	14	1
27	-7	1
6	-2	1
0	32	1
11	16	1
2	-12	1
20	3	1
51	67	1
8	-11	1
35	2	1
78	55	1
6	-6	1
10	11	1
26	1	1
0	-13	1
2	-11	1
2	-8	1
5	-6	1
