2	-4	8
4	2	13
3	-2	6
4	-1	9
3	-3	4
9	2	1
5	0	17
6	-2	3
3	-1	15
4	-3	1
2	-2	18
11	-7	2
6	-4	1
4	-2	5
1	0	6
2	-5	2
1	-3	6
10	-5	1
3	1	4
2	-12	2
9	3	1
0	-6	2
2	-6	3
0	-1	6
17	22	1
1	-7	2
3	-4	5
1	-13	1
2	0	13
7	0	2
1	-8	6
6	-15	1
14	-12	1
5	-6	2
0	-3	7
4	0	7
2	-3	2
8	-2	1
1	-1	4
8	8	2
0	-5	6
0	-2	14
5	-1	4
3	0	16
1	-2	10
6	-3	2
5	-4	8
1	-5	4
0	-4	5
5	1	2
9	-3	1
4	-15	1
12	20	1
1	1	2
5	-5	4
39	2	1
2	-9	2
5	-2	7
28	-6	1
2	1	3
6	0	4
5	-3	3
5	2	2
1	-9	1
1	-4	3
2	3	2
8	-11	1
0	0	6
1	-10	3
0	2	4
7	-2	1
9	-8	1
1	2	2
12	-5	1
14	-8	1
2	2	2
1	-12	1
5	24	1
6	6	1
15	26	1
3	-6	1
60	29	1
6	-1	1
21	3	1
13	-4	1
12	22	1
0	-7	2
16	2	1
2	-7	1
6	-5	2
4	-5	1
3	-5	2
39	7	1
0	-12	2
7	22	1
8	-4	1
9	-2	1
21	20	1
3	2	1
35	3	3
2	-1	3
8	18	1
13	-8	1
5	-7	1
53	68	1
2	-8	1
9	-12	1
10	1	1
0	1	1
58	27	1
7	-1	2
19	-11	1
2	-13	1
2	-11	1
10	11	1
