2	-1	11
4	2	9
1	-2	11
1	-3	4
0	-3	3
21	3	1
4	4	2
3	0	12
6	-2	5
2	2	1
5	-4	7
5	0	21
1	-1	4
6	-3	3
2	0	15
0	0	8
6	-6	1
5	-5	2
4	0	12
7	-2	1
2	-7	1
9	4	1
2	-10	1
3	-4	2
11	17	1
0	-7	3
0	-6	5
1	-11	1
2	-2	9
0	-4	6
3	2	2
2	-9	2
0	-2	8
6	-14	1
6	-11	1
5	-10	1
3	-2	8
2	-4	11
4	-4	3
1	1	4
0	-1	13
11	25	1
1	-4	6
7	-1	2
1	-8	5
0	-5	6
3	-5	2
3	-3	4
3	-17	1
4	-1	13
13	25	1
38	3	1
5	-1	2
2	-6	3
4	-2	8
1	0	6
5	-3	5
3	-6	1
10	1	1
5	1	4
35	3	1
4	1	3
0	-9	1
0	-12	1
2	-3	4
0	3	1
2	-5	2
2	3	2
21	-11	1
1	-15	1
8	7	1
7	0	1
1	-5	1
6	2	1
4	3	1
4	-3	1
11	1	2
11	-9	1
8	-3	2
5	-2	5
6	0	3
11	-4	1
9	-5	1
3	-1	5
1	-9	2
9	-1	1
5	-7	1
10	19	1
8	-2	1
0	1	1
25	40	1
11	-10	1
33	-13	1
7	1	1
5	-6	1
68	45	1
35	4	1
14	-2	1
9	8	1
0	2	1
28	0	1
5	2	1
6	-10	1
26	0	2
7	18	1
3	-14	1
4	-5	1
6	-4	1
21	21	1
9	9	1
6	-8	1
1	-6	2
6	5	1
3	-7	1
13	-9	1
47	66	1
1	-10	1
2	1	1
45	16	1
1	-13	1
1	-12	1
7	-11	1
2	-12	1
0	-8	1
20	18	1
