1	-1	8
4	2	10
1	0	3
2	0	12
5	-6	2
3	-2	14
4	-1	6
1	-2	9
6	-2	4
2	-2	17
3	0	16
10	-9	1
4	-2	7
5	0	21
3	-1	9
0	-1	13
0	-5	10
11	-7	1
2	2	2
0	2	2
2	-9	5
1	-14	1
0	1	4
21	22	1
0	-4	9
2	-1	9
7	-1	2
2	-11	2
1	-9	2
17	-12	1
2	-3	5
1	-3	6
6	-7	1
14	-7	1
5	-4	6
2	-4	8
0	-6	5
1	1	4
4	-5	1
5	-1	5
10	-8	1
7	-12	1
34	3	2
4	0	7
1	-10	1
30	-5	1
9	9	1
0	-2	8
0	0	4
20	3	1
3	1	4
4	-3	1
7	0	3
1	2	2
3	2	2
1	-6	3
12	1	1
6	2	1
4	-4	3
0	-3	2
10	1	1
4	1	3
5	-5	3
10	-4	1
1	-8	2
15	25	1
5	-3	2
18	3	2
1	-5	2
2	23	1
2	-6	3
2	3	1
2	1	2
3	-6	1
14	-3	1
5	-2	3
14	2	1
2	-5	2
7	1	1
18	26	1
2	-17	1
6	0	6
0	25	1
3	-5	2
6	-1	3
6	6	1
1	-13	1
41	9	1
12	-3	1
5	1	1
0	-7	2
9	-5	2
14	26	1
3	-4	3
5	2	1
2	-8	1
6	-3	1
6	-5	2
8	-1	1
39	7	1
6	-10	1
5	5	2
9	-4	1
10	10	1
6	-4	1
35	3	3
1	-4	1
0	32	1
12	-7	1
9	27	1
6	3	1
11	-6	1
3	-3	2
6	1	1
8	0	1
4	-11	1
7	-2	1
71	49	1
26	1	1
0	-15	1
4	-9	1
5	-9	1
