4	2	16
0	0	7
1	-17	1
3	-1	3
1	3	2
25	0	1
5	0	8
5	-1	5
1	-2	5
0	-5	9
0	-1	7
3	-2	13
6	-3	2
7	-10	1
2	1	3
1	-13	2
0	-4	7
5	-3	5
4	0	5
1	0	9
0	-3	7
0	-2	8
1	-3	6
2	-1	10
12	-11	1
0	-8	5
2	-9	2
1	-6	4
1	-15	2
2	-2	10
1	-7	5
3	2	1
4	-1	7
5	-5	2
5	-2	8
3	0	7
3	-6	3
2	-8	2
2	-11	2
4	-2	6
5	-4	4
0	-6	6
7	-2	2
4	-3	3
1	1	1
2	-4	8
1	-10	2
0	2	4
3	1	2
6	6	2
1	-4	7
11	-6	1
6	-2	1
3	-5	1
6	0	1
11	-5	1
2	-12	2
2	-6	3
1	-1	2
12	24	1
2	-3	5
34	3	1
9	-4	2
0	-7	6
13	-6	2
10	25	1
3	-3	2
6	-13	1
2	-10	2
1	-9	1
0	-9	2
10	13	2
38	3	1
14	-2	1
17	27	1
78	36	1
1	-8	3
28	17	1
4	-4	1
1	-12	2
3	-11	1
13	-4	1
4	1	2
7	0	4
0	1	2
57	26	1
11	18	1
2	-13	1
5	2	2
10	-4	1
8	-11	1
5	23	1
0	-17	1
4	-11	1
2	0	1
6	-4	1
14	25	1
7	-1	1
1	-5	2
5	-13	1
18	24	1
0	-10	1
35	3	1
1	-11	1
2	-5	1
5	-6	1
5	-11	1
14	-13	1
