1	-2	9
4	2	10
1	-3	6
18	3	1
2	2	2
4	0	10
6	-3	2
3	1	3
5	-5	3
2	-2	11
0	-2	6
5	0	17
2	-1	6
5	-4	8
3	0	15
0	-1	8
5	-6	2
4	-1	11
10	-4	1
8	-3	1
9	4	1
2	-10	1
2	-5	4
1	-1	8
1	-7	1
1	-4	6
4	-2	12
4	1	4
3	-9	1
6	-14	1
7	-11	1
5	-10	1
2	-4	10
3	-5	3
1	1	4
2	0	15
11	22	1
0	-4	1
7	-2	4
2	-14	1
5	-3	5
0	-7	4
0	-5	5
3	-4	3
1	-10	1
3	-2	4
5	1	3
2	-9	1
1	-17	1
0	0	5
1	-5	3
11	-11	1
6	-5	1
4	-3	1
39	3	1
5	-2	6
1	-8	3
3	-1	7
3	-3	1
0	-3	5
3	-6	1
13	2	1
35	3	1
28	0	1
0	-9	2
5	-1	2
6	-13	1
0	-12	1
1	0	7
2	-3	4
0	3	1
2	3	2
18	-10	1
7	0	2
2	-6	4
1	-13	3
9	8	1
9	-12	1
3	2	1
4	3	1
8	0	2
9	-4	1
9	-5	1
8	-2	1
4	-4	2
5	-7	1
8	18	1
0	-6	2
6	0	1
0	1	2
20	36	1
11	-10	1
17	2	1
35	2	1
14	-2	1
10	11	1
0	-13	1
0	2	1
5	-9	1
29	0	2
6	19	1
6	-4	1
21	22	1
7	6	1
25	0	1
6	-7	1
9	10	1
16	53	1
13	-9	1
50	67	1
2	-8	1
2	-11	2
17	-14	1
1	-9	1
1	2	1
47	18	1
4	-5	1
6	-2	1
19	-9	1
0	-8	1
18	19	1
