2	0	14
4	2	8
1	0	5
3	1	6
5	-5	4
3	-2	13
4	-1	6
0	-2	8
4	-2	10
2	-2	10
3	0	16
4	-3	1
5	0	17
0	0	11
0	-6	6
0	-1	8
11	-8	1
2	3	3
1	3	1
1	-2	8
1	-3	3
2	-7	1
1	-14	1
7	-2	2
1	1	1
0	-4	7
3	-1	6
6	-2	2
2	-11	1
3	2	1
0	-8	1
6	-1	4
6	-9	1
13	-7	1
5	-4	7
2	-4	9
2	-1	10
2	-12	1
1	-1	6
3	-5	2
1	-4	3
2	-5	4
5	-1	3
2	-3	3
10	-9	1
0	-5	6
7	-12	1
0	-7	5
34	4	1
4	0	8
1	-7	2
31	-2	1
17	2	1
11	19	1
1	-5	5
5	-3	2
6	0	8
0	2	1
28	-7	1
15	2	1
3	-4	3
11	-5	1
1	-9	3
15	26	2
0	-3	3
23	2	1
1	-6	1
0	23	1
4	1	2
2	1	3
21	3	1
2	-6	2
0	1	1
14	-4	1
5	-2	6
20	3	1
2	-10	2
1	-8	1
10	1	1
19	26	1
0	27	1
2	-9	2
5	33	1
7	0	2
7	-1	3
2	2	1
3	-3	5
1	2	3
22	-12	1
39	7	1
1	-13	1
12	-3	1
5	1	3
8	-3	2
4	-4	3
5	2	1
3	-7	1
6	-3	2
7	-5	1
8	-1	1
38	5	1
5	-11	2
7	7	1
3	3	1
19	-11	1
9	-2	1
6	6	1
6	-4	1
35	3	1
0	32	1
11	22	1
6	2	1
6	1	1
13	2	1
26	0	1
73	51	1
5	-6	1
4	4	1
35	2	1
26	1	1
0	-15	1
4	-11	1
