6	-9	1
4	2	18
0	-3	3
1	-2	13
2	-17	1
5	-1	10
1	1	3
0	0	3
14	2	1
4	-2	8
5	-3	4
0	-1	9
0	-5	12
6	-2	6
2	-1	6
1	-1	2
3	-3	3
8	-15	1
1	0	11
1	-4	10
2	-11	2
2	-5	3
4	-4	1
4	0	5
3	-1	6
0	-2	11
2	-2	8
11	-5	2
18	-10	1
0	-4	5
5	-2	10
1	-7	5
3	-5	3
1	-10	1
2	-6	4
3	0	9
3	2	6
0	-6	8
5	0	10
2	0	7
4	-3	3
3	-4	6
1	-9	5
1	-6	3
2	1	3
1	-11	2
0	-10	1
2	-4	8
0	2	2
1	2	3
9	-2	1
5	-4	3
2	-7	3
7	-1	2
2	2	1
11	-4	1
2	-12	1
16	27	1
1	-5	3
9	-7	1
1	-8	3
11	-6	3
2	-3	1
11	17	1
6	-14	1
2	-9	3
3	-2	4
10	-4	1
1	-3	3
6	6	1
38	3	1
18	27	1
0	-7	5
75	39	1
3	-10	2
28	17	1
5	-5	2
4	-1	3
5	-6	2
6	-7	1
3	3	1
12	-5	2
12	20	1
7	0	2
63	36	1
6	-3	2
0	1	1
5	2	1
3	-12	2
5	22	1
0	-17	1
3	1	1
18	26	1
17	2	1
17	21	1
35	3	1
5	-12	1
1	-12	2
11	16	1
4	1	1
21	-17	1
