5	0	13
4	2	15
2	2	4
1	-8	5
3	-14	1
1	-2	8
34	3	2
12	19	1
9	-4	1
2	-12	3
3	-2	15
18	-11	1
0	0	12
2	-1	4
6	-12	1
5	-3	3
0	-6	3
1	-3	4
4	-4	5
0	-2	8
2	-3	2
1	-4	3
0	-1	7
3	0	12
7	-3	1
8	0	1
5	-2	7
5	-4	6
2	-2	10
1	1	4
2	-8	2
3	-1	8
2	0	7
2	-9	1
0	-5	15
11	-6	3
4	-1	9
7	-1	2
0	2	1
6	22	1
2	-11	2
6	-1	2
4	0	7
1	-12	2
11	5	1
4	-3	2
1	-1	3
2	-6	6
2	-10	3
3	-11	1
1	-14	1
2	-4	8
0	-8	4
20	3	1
40	8	1
13	25	1
3	-7	1
6	0	1
31	1	1
1	-13	3
18	33	1
1	-10	1
1	-11	2
3	-6	2
6	-4	1
5	-5	3
6	-10	1
33	1	1
1	-5	1
11	17	1
11	-7	2
35	3	2
0	-4	3
3	-4	1
1	0	6
10	-6	1
4	-2	6
1	-9	2
1	2	3
35	2	2
6	-2	3
16	2	1
6	-11	2
1	-6	3
60	13	1
0	-3	1
5	-11	1
12	0	1
7	-5	2
6	-3	3
5	2	3
4	-6	1
3	2	1
8	-3	1
43	63	1
3	-5	2
3	-3	1
5	1	1
0	-7	5
2	-5	5
4	1	1
12	1	1
6	-9	2
10	11	1
6	-5	1
0	-11	1
2	1	1
5	-6	1
21	20	1
10	12	1
0	1	1
7	0	1
5	-1	1
47	22	1
7	-11	1
11	-4	1
4	3	1
5	-8	1
21	21	1
