2	-2	14
4	2	13
4	1	5
0	-6	6
2	-10	1
4	-6	1
9	27	1
1	-2	10
3	-3	3
0	2	4
5	-4	3
4	-3	3
5	-2	6
3	-2	8
6	-10	1
5	-5	2
2	-6	2
5	0	12
4	-2	7
6	-5	4
0	-4	4
4	-1	2
2	-9	5
0	-5	11
12	3	1
3	0	13
3	1	7
2	-4	7
2	0	8
2	-5	3
0	-2	19
0	0	4
9	-11	2
3	3	3
1	-1	7
7	0	1
3	-1	13
4	0	11
0	-8	3
2	1	2
1	-7	4
4	-12	1
0	-7	3
1	-13	1
2	-1	7
0	-11	1
2	-3	1
1	-17	2
0	-1	2
1	-3	4
30	-1	1
8	-5	1
16	26	1
38	4	1
1	-11	3
1	-4	5
10	1	1
0	-3	5
0	-13	1
35	3	2
6	-2	4
13	-1	1
1	-10	2
6	-3	2
1	-12	2
5	-3	3
3	-6	1
26	1	1
5	1	3
24	-9	1
5	-1	5
6	-4	1
7	-1	1
26	-8	2
35	2	1
16	-13	2
6	0	8
9	-4	1
4	-5	1
12	-4	1
6	-14	1
14	-5	1
3	-4	2
5	-6	2
9	6	1
1	-6	1
3	-7	1
12	-7	1
13	-7	1
7	-2	1
7	-4	1
5	2	2
3	2	1
4	-10	1
1	1	3
1	-16	1
1	2	1
14	2	1
1	0	3
2	-7	1
9	0	1
6	-15	1
5	-9	1
44	15	1
11	-6	1
20	18	1
21	20	1
4	-4	1
3	-13	1
11	25	1
19	-13	1
31	51	1
34	3	1
7	-3	1
13	0	1
8	-3	1
2	-13	1
3	-12	1
20	25	1
