5	0	11
4	2	15
2	2	4
1	-8	3
3	-15	1
0	-2	8
11	16	1
10	-5	1
2	-11	3
4	-2	6
0	0	9
1	-2	14
3	0	11
6	-13	1
4	-3	2
0	-5	15
0	-3	6
4	-5	1
2	-2	13
1	-5	2
1	-1	2
7	-4	1
9	-3	1
5	-2	6
5	-4	7
1	1	4
3	-8	1
4	-1	6
1	0	6
2	-9	1
0	-7	4
9	-2	2
0	1	3
5	24	1
6	-1	2
4	0	7
1	-11	3
3	-2	10
10	6	1
3	-1	9
2	-4	7
2	-10	3
5	-3	7
2	-5	2
6	-10	2
0	-14	1
1	-9	3
2	-7	2
23	2	1
40	8	1
12	22	1
1	-3	5
2	-8	1
6	0	1
28	0	1
1	-12	2
16	30	1
6	-5	3
4	1	2
2	-1	9
35	2	1
11	20	1
6	-3	4
35	3	4
0	-4	1
3	-4	3
2	0	4
1	-7	1
10	-6	1
0	-6	5
1	-4	4
3	2	1
0	-1	7
4	-4	3
19	3	1
5	-5	1
6	-11	2
3	-9	1
62	18	1
5	-11	1
7	-1	2
12	-7	1
35	4	1
5	-1	3
1	-13	1
11	0	1
7	-5	1
3	-6	2
3	3	2
10	-4	1
34	4	1
11	-7	1
11	-6	1
3	-3	2
5	2	3
3	1	1
1	-10	1
3	-5	3
2	-6	3
1	2	3
13	1	1
5	-10	1
6	-8	1
0	-8	1
9	9	2
0	-11	1
7	-3	1
5	-6	1
20	19	1
7	-6	1
2	-12	1
48	19	1
9	-4	1
2	-3	1
0	2	1
33	1	1
4	3	1
1	3	1
1	-6	1
5	-8	1
21	19	1
