4	2	17
0	-9	1
2	-11	3
3	-5	6
32	0	1
6	30	1
1	-6	1
0	-2	12
0	1	3
5	-3	2
4	-3	1
0	-4	11
5	-2	4
4	-2	8
5	-5	6
0	-6	8
4	1	6
5	0	11
5	-1	7
5	-4	5
0	-3	4
1	-9	3
2	-4	8
12	3	1
3	-2	13
2	0	8
2	2	2
1	-2	7
2	-2	7
2	-1	12
1	1	3
2	-5	3
1	0	8
2	-6	2
4	-1	4
7	7	1
0	0	3
7	-1	4
0	-11	1
3	1	1
4	0	9
3	2	1
2	-12	2
1	-13	2
1	-3	4
0	-5	10
0	-13	2
1	-17	1
1	-5	4
35	2	2
9	-4	1
14	25	1
1	-10	2
3	-4	2
6	-4	2
1	-1	6
3	-1	11
14	2	1
3	0	8
6	-5	2
7	0	1
5	1	2
35	3	2
0	-1	3
12	-2	1
0	-7	3
1	-11	3
7	-2	3
3	-6	1
25	1	1
24	-7	1
2	1	4
7	-11	1
6	-2	4
34	-2	1
5	2	2
34	3	1
15	-11	1
6	0	2
5	-6	1
1	-12	1
12	-4	1
6	-13	1
12	-5	2
7	-8	1
6	-1	2
10	5	1
3	-3	2
3	-7	1
9	0	3
11	-7	1
11	-6	1
16	-13	1
7	-4	1
1	-4	3
3	-15	1
0	-8	3
2	-8	2
5	-15	1
6	-3	1
15	24	1
0	-16	1
1	2	2
3	3	1
14	19	1
21	21	1
5	-14	1
1	-7	1
9	26	1
10	-4	1
34	45	1
15	-12	1
9	-3	1
2	3	1
1	-8	1
14	0	1
4	3	1
20	25	1
