4	2	8
0	0	10
1	0	7
5	-5	7
4	-2	6
5	-1	7
3	-2	21
6	-2	5
2	-2	15
2	-1	10
2	0	11
9	-9	1
5	1	5
3	-1	9
0	-1	12
1	-4	6
4	0	9
0	-2	7
11	-6	2
2	2	3
0	1	2
2	-3	5
2	-10	1
1	-13	1
3	0	8
21	23	1
5	0	18
0	-5	9
1	-2	10
1	-1	5
7	-1	4
1	-11	2
3	2	3
1	-10	1
4	-1	7
18	-12	1
13	-7	1
4	-4	3
0	-3	5
0	-6	7
6	-5	3
0	-11	1
2	1	7
6	0	6
10	-8	1
0	-4	6
7	-12	1
31	1	1
28	-7	1
10	11	1
25	0	1
3	1	1
12	25	1
5	-4	4
3	-3	1
5	-2	3
7	0	3
1	-6	4
5	-3	4
10	-4	1
2	-9	2
12	24	1
4	1	4
3	-6	1
15	2	1
1	-7	5
1	-5	1
1	-8	4
12	1	2
4	-6	1
1	2	2
14	-3	1
1	-9	2
3	-4	6
4	3	1
18	26	1
0	24	1
10	26	1
0	2	1
26	-14	1
1	1	1
1	-12	1
41	12	1
0	-15	1
11	-4	1
10	-5	1
15	27	1
5	2	1
3	-8	1
8	-1	1
41	8	1
3	3	1
8	7	1
9	-5	1
13	-11	1
2	-4	2
10	13	1
35	3	2
0	30	1
12	-7	1
7	29	1
0	-7	1
6	1	1
6	2	1
52	65	1
2	-5	2
3	-12	1
2	-6	2
21	3	1
69	47	1
26	1	1
6	-1	1
3	-5	1
4	-9	1
