4	2	12
2	2	3
1	-9	3
3	-13	1
1	-2	10
11	22	1
7	-2	3
2	-12	4
0	-3	2
5	0	21
3	-2	11
15	-11	1
0	-1	9
3	-1	13
4	0	8
0	-6	6
1	-3	2
0	-2	8
2	-4	8
8	-2	1
0	-5	11
5	-2	6
0	2	2
4	-1	8
1	1	3
2	-8	2
3	0	7
2	-9	2
13	-7	1
7	0	1
9	24	1
4	-2	6
1	-13	4
2	-2	9
11	5	1
3	-3	4
1	-6	4
1	-10	1
2	-3	1
2	-11	2
2	-5	2
17	2	1
39	7	1
14	25	1
3	-6	4
5	-4	3
34	1	1
1	-14	1
1	0	8
20	35	1
1	-11	1
5	-5	3
7	-11	1
2	-6	5
30	0	1
1	-5	4
10	14	2
5	-3	2
9	-6	2
35	3	3
0	-4	4
8	0	1
0	-7	2
2	0	5
0	-8	4
3	2	2
1	3	2
2	-1	5
2	1	2
4	-4	3
6	-3	2
11	1	2
6	-11	1
7	-10	1
56	9	1
5	-11	1
0	0	13
7	-1	1
11	-6	2
12	-2	1
5	-6	2
7	-4	1
6	-5	1
6	-7	1
4	1	1
33	1	1
11	-8	1
3	-5	2
6	-4	1
1	-4	3
5	2	1
1	-8	2
6	-6	1
6	-10	1
37	4	1
0	-11	1
5	-1	3
6	-2	3
3	3	1
21	20	1
2	-10	2
10	15	1
5	1	1
0	1	1
45	24	1
10	-12	1
11	-4	1
4	3	1
5	-7	1
21	22	1
