2	-1	14
4	2	15
0	-2	10
2	-4	7
0	-5	8
9	9	1
3	0	8
6	-2	5
1	3	1
5	-4	10
4	-1	7
6	-4	2
3	-2	15
1	0	8
6	-5	3
8	-2	1
0	-8	1
5	-2	6
2	-7	2
9	3	1
4	-4	2
5	0	14
5	-1	8
9	10	1
0	-6	6
0	-7	5
1	-8	2
4	-5	1
1	-10	3
0	-3	4
6	-14	1
5	-6	1
4	-10	1
1	-3	4
4	-2	9
0	1	3
1	-4	2
0	0	8
0	2	2
1	-2	9
7	0	2
2	-14	1
5	1	2
4	0	6
2	-6	2
2	-9	1
3	-17	1
19	-11	1
3	-4	3
14	25	1
38	4	1
2	0	7
1	-6	3
5	-5	5
0	-1	7
2	-5	6
3	-3	5
1	-1	3
0	-4	7
4	1	1
35	3	1
19	3	1
1	-9	2
9	-3	1
6	-11	1
0	-12	1
2	-2	6
0	3	1
2	1	5
24	-9	1
7	-1	2
3	-1	6
6	-3	4
4	4	1
6	0	5
8	-13	1
9	-2	1
4	3	1
16	2	1
11	-11	1
7	-2	3
10	-4	1
0	-10	1
11	-7	1
5	-3	1
3	1	2
11	16	1
5	2	3
26	46	1
12	-10	1
9	-5	1
4	-3	2
14	0	1
3	3	1
0	-15	1
1	2	1
9	0	1
6	-12	1
21	3	1
37	4	1
9	21	1
2	-13	2
21	21	2
11	17	1
15	2	1
7	7	1
1	1	2
3	-8	1
14	-11	1
40	62	1
0	-9	1
2	-12	1
1	-11	1
31	1	1
41	9	1
3	2	1
2	-10	1
10	1	1
18	-10	1
0	-13	1
1	-12	1
7	-12	1
18	3	1
3	-5	1
