4	2	15
0	-4	4
4	-1	7
4	-2	5
5	0	10
7	0	2
1	-4	2
3	-4	3
2	-2	7
6	-3	3
0	-1	5
1	-1	8
3	0	10
0	-7	1
0	-5	16
0	-2	7
1	-10	3
3	-1	7
0	-6	5
10	2	1
5	-4	7
2	-6	1
47	-20	1
3	2	7
0	0	8
1	-3	5
10	12	2
5	-5	3
2	-5	4
4	0	5
2	2	2
9	-5	1
6	-4	1
13	25	1
0	2	1
2	-11	1
2	0	7
2	-3	2
0	-3	7
2	3	1
6	-5	1
0	1	1
2	-1	7
5	-1	6
0	-11	2
2	-9	3
3	-2	7
1	-6	1
2	-10	3
5	-3	3
2	-14	1
7	-4	1
1	1	2
1	-12	2
1	-8	1
8	-2	1
6	-7	1
1	-7	3
9	-12	1
3	-3	1
7	18	1
5	-7	1
2	-4	3
7	-2	1
3	-6	1
1	-9	2
6	-16	1
1	-11	3
6	-1	2
11	16	1
5	1	3
6	-6	1
11	18	1
3	1	2
2	1	2
76	47	1
1	-2	7
1	0	7
5	-2	4
7	-1	1
4	-11	2
4	-5	1
8	0	1
6	-11	1
11	3	1
28	0	1
6	-2	2
5	25	1
10	-6	1
14	19	1
26	0	1
0	-8	2
8	8	1
22	3	1
37	4	1
11	-6	1
35	1	1
1	2	1
3	-5	1
7	-8	1
5	-6	2
9	-3	1
3	3	1
2	-7	1
1	-5	1
0	-16	1
4	-12	1
2	-8	1
27	0	1
8	-13	1
25	0	1
12	-5	1
5	2	1
9	-1	1
11	-5	1
