5	-2	2
4	2	14
1	-4	3
4	-3	2
5	-6	6
3	1	4
1	-2	6
6	-2	6
2	-6	2
2	-3	3
2	-2	9
5	0	11
0	-3	3
0	-2	12
3	-4	7
0	-4	4
0	-6	8
4	3	1
2	-4	9
4	0	7
1	-7	2
3	-1	6
3	0	9
6	1	1
5	-3	2
2	-5	5
48	-23	1
5	-1	5
0	-5	10
2	0	7
2	1	4
5	-4	1
9	-3	1
0	2	5
6	-5	1
3	2	1
3	-12	1
1	-1	4
0	-1	8
6	-11	3
1	1	1
6	0	2
1	-15	1
0	-8	1
2	2	2
8	8	1
4	-2	7
0	0	7
1	-9	5
7	-4	1
3	-14	1
3	-6	1
2	-1	9
22	3	2
3	-2	5
1	-3	3
10	12	1
14	-11	1
6	-14	1
2	-14	1
7	-2	4
10	27	1
7	-1	1
4	25	1
69	47	1
9	0	3
1	-11	2
0	1	2
7	0	1
5	-7	1
0	-11	1
3	3	1
0	-16	1
15	2	2
3	-3	2
9	-5	1
1	-5	3
5	-5	3
6	-1	1
1	0	4
1	-8	2
5	24	1
3	-5	2
1	-12	2
36	3	1
10	14	1
4	-1	3
2	-10	2
6	2	1
42	14	1
0	-9	1
1	-10	2
11	1	2
9	-1	1
16	19	1
8	-13	1
7	7	1
21	3	1
4	-5	1
4	-11	1
8	-5	1
8	0	1
24	-7	1
8	-2	1
