1	-5	2
4	2	18
0	-6	7
1	2	4
0	-4	8
2	-3	1
5	0	3
4	-5	2
29	0	1
0	-1	5
2	-5	9
2	-2	10
6	-2	4
1	-2	6
3	-4	2
2	3	1
1	-4	4
5	-5	3
2	0	3
6	2	1
5	-4	6
0	-5	11
0	0	12
3	0	15
1	-1	4
7	1	1
4	-6	1
25	-19	1
1	-8	5
1	0	3
2	-1	7
3	-6	3
3	-3	1
6	-10	1
3	3	1
5	-8	1
3	2	3
8	8	2
2	2	1
1	-10	2
5	-2	6
5	-1	3
10	-4	1
0	-7	3
2	-6	4
3	-1	2
0	-2	11
3	-2	8
5	-3	3
2	-4	10
2	1	6
3	-7	1
4	-4	2
0	-8	1
3	-15	1
0	-3	5
4	0	7
2	-9	4
0	-11	2
1	-3	4
1	-13	1
13	-4	1
4	-2	2
1	1	2
1	-7	3
2	29	1
13	-8	1
8	0	1
2	-15	2
6	-4	1
10	11	1
3	1	2
78	45	1
0	1	1
4	-1	4
32	16	1
6	-1	2
1	-9	3
0	-10	1
11	-8	1
4	-13	1
1	-12	1
6	-3	3
11	18	1
6	-11	1
3	-14	1
35	2	1
15	-12	1
10	14	1
27	0	1
15	25	1
7	0	1
17	-15	1
17	-10	1
2	-11	2
26	0	1
40	9	1
9	-4	1
4	1	1
5	-6	1
14	-8	1
7	-5	1
4	-17	1
0	-12	1
9	10	1
6	-5	1
7	-11	1
18	3	1
10	21	1
9	-6	1
10	-9	1
