0	-4	10
1	2	2
1	-9	6
0	0	7
2	-1	5
33	1	1
4	-2	7
3	-5	3
4	2	15
2	-2	12
4	0	6
3	0	9
5	-3	2
4	-3	3
5	-4	4
2	-12	1
2	-6	4
2	0	9
1	-2	14
0	-2	16
5	-1	5
3	-2	9
0	-1	9
3	-1	10
5	-6	2
6	-8	2
0	-7	4
2	1	3
2	-5	7
2	-14	1
3	-11	1
1	0	7
0	2	1
3	2	3
0	-5	9
6	-2	4
1	-10	3
1	-12	2
1	-8	3
1	-6	4
5	-5	3
1	-4	2
7	-1	2
6	-4	2
6	-7	1
3	-3	3
1	-3	8
15	19	1
3	-4	3
6	-6	1
0	-3	6
1	-5	3
5	0	7
8	7	1
20	-11	1
2	-4	4
9	-5	1
2	31	1
3	-12	1
1	-1	4
5	-2	6
12	22	1
39	4	1
9	0	1
11	17	2
82	44	1
0	-6	5
5	1	2
28	17	1
2	-9	2
2	-17	1
9	-7	1
11	-6	1
4	-16	1
8	-4	1
4	-1	3
4	-4	2
4	-5	1
41	10	1
30	-2	1
5	-12	1
8	0	1
1	-7	2
1	-11	2
12	24	1
13	-9	1
6	-17	1
11	-9	1
2	2	1
2	-7	1
1	-16	1
0	1	2
2	-16	1
6	0	1
1	1	3
6	-3	1
13	-7	1
11	16	1
5	-8	1
1	-13	1
3	-15	1
9	-4	1
6	-11	1
17	23	1
2	-3	1
37	4	1
2	-10	1
5	-10	1
0	-8	1
7	-11	1
