4	2	16
4	0	7
2	0	10
2	-2	6
5	-2	7
4	-3	4
15	2	1
1	-1	3
0	-4	8
6	-5	2
0	-1	6
3	-2	8
2	1	3
0	-6	8
1	-2	4
9	2	1
2	-4	7
1	-8	6
4	-2	5
0	-7	2
1	-4	4
8	2	2
2	-6	1
12	-11	1
39	-17	1
0	1	1
6	5	1
6	-2	4
7	-11	1
1	3	1
3	0	7
9	-5	1
1	1	3
3	2	8
11	17	1
1	2	1
2	-10	3
3	-1	9
1	-3	2
0	-5	9
4	1	1
5	-5	2
2	2	1
0	-2	9
2	-5	5
6	-3	3
5	-3	4
3	-3	5
0	0	9
0	-8	4
4	-10	2
1	0	5
3	-5	2
3	-6	2
1	-12	1
7	-1	2
3	1	2
5	-4	2
2	-12	3
7	-4	1
1	-11	3
10	-4	2
5	-1	3
3	-11	1
4	-1	2
5	24	1
23	-13	1
5	0	6
7	-15	1
2	-1	6
1	-9	3
7	-2	3
1	-7	3
3	-4	4
3	-15	1
9	-2	1
7	7	1
6	6	1
77	45	1
0	-3	7
1	-5	1
4	-4	1
8	-2	1
6	0	2
11	-6	1
6	-12	1
5	1	1
34	3	1
9	-6	1
5	-6	2
5	23	1
6	-11	1
1	-10	1
37	6	1
15	-11	1
15	19	1
28	0	1
2	-3	1
11	16	1
30	0	1
15	-12	1
31	-5	1
30	1	1
39	7	1
7	-3	1
2	-8	2
1	-17	1
2	3	1
3	-12	1
8	-14	1
35	3	1
27	0	1
12	-6	1
3	-7	1
9	-3	1
2	-9	1
1	-6	1
10	-8	1
