3	-5	4
4	2	18
2	1	9
0	-2	8
3	-3	3
5	0	5
5	-5	1
26	0	2
1	-5	4
2	-2	5
0	-1	6
1	2	1
0	-4	8
1	0	8
6	3	1
4	-4	5
2	-5	6
0	-5	14
3	0	12
1	-2	7
5	-4	5
4	-6	1
28	-18	1
1	-7	3
3	-2	10
0	0	9
2	-6	2
6	-7	2
6	-9	1
3	2	2
4	-2	3
10	10	1
2	2	1
2	-10	2
5	-2	3
4	-1	2
1	-9	4
9	-4	2
0	-6	4
2	-4	9
3	-1	6
6	-3	4
3	3	1
1	1	4
2	-7	2
5	-3	4
3	-6	2
2	0	6
6	6	1
4	0	6
1	-10	2
0	-11	1
0	-3	6
7	-4	1
1	-13	1
13	-4	1
2	-3	3
1	-6	3
3	27	1
7	0	2
2	-15	1
7	-2	2
1	-4	5
0	-12	1
1	-3	3
9	8	1
3	1	1
78	45	1
1	-8	4
0	2	1
5	-1	3
6	0	3
7	-1	1
0	-10	1
11	-8	1
3	-10	1
4	-13	1
3	-12	1
11	21	1
6	-11	1
2	-14	2
37	3	1
15	-11	1
11	17	1
27	0	2
12	24	1
7	1	1
6	-4	2
17	-15	1
20	-11	1
0	-7	1
2	-12	1
0	-8	2
40	10	1
2	-1	4
4	1	1
14	-7	1
8	-5	1
3	-17	1
2	-11	1
1	-12	1
8	7	1
8	-11	1
21	3	1
1	7	1
1	-1	1
9	-3	1
3	-4	1
9	-5	1
3	-9	1
10	-10	1
