6	-4	2
4	2	15
0	-3	5
4	0	5
5	1	1
4	-2	6
5	0	11
4	-1	2
9	0	1
1	-3	6
2	-4	6
2	-2	4
6	-3	4
0	-1	11
2	-1	8
3	0	10
0	-7	5
5	-1	6
8	3	1
0	-5	14
0	-2	5
1	-10	3
5	-2	5
3	-1	9
1	-4	1
9	2	1
5	-4	7
2	-5	2
15	-11	1
44	-19	1
2	-7	1
0	1	3
7	-11	1
0	2	1
9	-6	1
3	2	4
11	23	1
2	-10	5
2	0	7
4	-9	1
2	-3	4
4	1	2
2	3	1
6	-5	1
1	1	2
1	-2	5
1	-1	4
1	0	6
1	-5	1
0	-4	5
3	-2	8
0	0	6
0	-9	1
3	-3	2
6	4	1
2	-6	3
5	2	2
6	0	3
2	-14	2
7	-4	1
1	-9	4
9	-3	2
5	-3	2
3	1	2
9	-12	1
0	-6	3
6	20	1
9	-14	1
7	-2	1
3	-6	2
1	-8	3
6	-15	1
11	-7	2
10	13	1
5	-6	1
10	12	1
4	-4	2
2	1	3
77	46	1
7	-1	1
4	-11	1
9	-2	2
0	-10	1
2	-9	2
6	-12	1
11	3	1
5	-5	2
31	1	1
3	-5	2
11	1	1
4	24	1
5	-11	1
1	-7	2
13	-7	1
26	0	1
7	0	1
10	11	1
24	1	1
13	-8	1
32	1	1
3	-4	1
1	2	1
30	0	1
2	-11	1
6	-7	2
3	3	1
6	-2	2
2	-8	2
0	-17	1
9	9	1
4	-12	1
8	-13	1
25	0	1
1	-12	1
12	-5	1
