4	-5	3
4	2	18
0	-5	16
3	0	13
0	-2	8
2	-3	2
5	-2	8
5	-4	2
25	0	1
1	-1	4
2	-2	5
6	-3	6
0	-1	4
3	-2	7
1	2	2
7	3	1
3	-4	3
2	-6	4
1	0	11
4	-1	3
1	-2	3
8	2	2
5	-5	3
8	-12	1
34	-18	1
0	-8	2
0	0	12
4	-4	2
3	-1	10
2	-5	3
1	-5	3
7	-11	1
3	3	3
2	-1	4
1	1	3
3	2	1
10	12	1
2	-10	5
8	-2	1
0	-6	7
2	-4	9
4	0	5
5	-3	3
1	-3	4
0	-3	7
3	-6	4
3	-5	1
2	-7	4
2	0	5
0	-4	4
1	-15	1
4	4	3
3	1	4
1	-10	2
6	-2	1
0	-12	1
7	-4	1
1	-13	1
12	-5	1
4	-3	3
2	1	4
1	-6	1
3	26	1
6	0	3
3	-15	1
7	-2	3
1	-12	1
5	0	3
4	-2	8
2	2	1
78	45	1
0	2	1
1	-4	5
5	-1	4
31	16	1
0	-7	2
0	-10	1
11	-8	1
4	-10	1
4	-12	1
5	-11	1
7	0	1
6	-4	1
3	-3	2
11	24	1
6	-11	1
37	4	1
16	-11	1
12	-11	1
27	0	1
12	22	1
16	-15	1
26	-8	1
2	-12	1
28	0	1
2	-13	1
40	10	1
7	-1	1
1	-9	2
12	-6	1
1	-7	1
2	-17	1
1	-8	1
8	-13	1
24	1	1
0	-11	1
9	-4	1
2	-9	1
10	-10	1
