0	-5	13
4	2	16
0	-6	6
1	2	6
2	-2	10
5	0	6
4	-5	3
35	2	1
0	-1	4
2	-5	8
6	-3	3
2	-1	6
3	-4	4
1	-3	5
3	0	13
5	1	3
5	-5	2
0	-2	16
0	0	8
1	-4	4
1	0	6
4	-4	1
3	-5	4
22	-17	1
1	-9	7
2	-4	7
2	-3	3
3	-6	1
3	-3	2
3	3	1
3	2	3
6	6	1
5	-2	4
5	-1	4
0	-8	4
11	-4	1
2	-7	1
3	-1	7
0	-3	8
4	-2	5
6	-5	2
2	-6	4
2	2	2
3	-7	2
6	-4	2
0	-7	3
5	-15	1
9	10	1
3	-2	5
4	0	6
0	-11	3
7	-4	1
1	-12	2
14	-3	1
1	-1	2
1	-6	1
2	0	5
5	-3	2
1	-8	3
2	29	1
11	-6	1
9	1	1
2	-15	1
6	-2	2
1	-10	1
1	-2	6
0	-4	6
1	1	3
10	14	1
78	45	1
2	-10	2
32	16	1
5	-4	5
6	-1	1
3	1	1
11	-8	1
5	-8	1
4	-13	1
0	-13	1
4	-1	3
0	1	1
6	0	1
5	2	1
11	15	1
6	-12	1
2	-14	1
15	-12	1
10	12	1
8	-11	1
25	0	1
15	26	1
1	-5	3
7	0	1
17	-15	1
14	-11	1
2	1	4
2	-16	1
40	8	1
7	-2	1
15	-9	1
7	-5	1
5	-17	1
4	-11	1
1	-7	2
10	13	1
6	-11	1
13	1	1
9	-7	1
9	-3	1
