0	-5	12
4	2	16
0	-6	6
0	2	1
2	-2	12
3	0	15
3	-5	7
34	4	1
1	-1	1
5	-3	4
2	-1	4
2	-4	6
5	1	3
1	-3	6
4	-4	2
5	0	11
0	-7	4
5	-6	2
0	-4	6
0	0	9
2	0	11
6	0	1
4	-5	1
3	-6	2
19	-17	1
1	-9	3
0	-2	9
4	-3	3
1	-11	2
5	-4	4
3	2	3
4	-9	1
1	2	5
4	4	1
0	1	1
0	-8	1
11	-5	1
1	-8	5
3	-2	6
2	2	2
6	-5	1
2	-7	1
1	-4	5
6	-3	2
3	-7	1
2	-5	4
6	-15	1
11	16	2
1	-2	7
3	-3	1
4	0	5
0	-12	1
7	-4	2
0	-3	6
2	-3	1
14	-3	1
0	-1	9
2	-6	3
1	0	7
4	-11	1
4	-1	4
3	28	1
9	1	1
2	-15	1
2	-12	1
5	-2	3
1	-10	1
6	-2	4
2	3	1
78	45	1
2	-10	1
3	-4	1
5	-1	1
3	-1	2
11	-7	2
4	-13	1
0	-13	1
1	-5	3
10	13	1
6	-13	1
4	-2	2
14	-11	1
9	10	1
8	-11	1
1	-7	2
23	2	1
15	27	1
7	-1	1
3	3	1
16	-14	1
1	3	1
2	1	3
2	-9	2
25	2	1
2	-16	1
6	-4	2
16	-9	1
1	-6	2
5	-5	2
5	-17	1
4	-12	1
11	15	1
6	-11	1
9	-8	1
8	0	1
