6	-4	2
4	2	16
0	-4	4
4	0	6
5	0	5
3	-2	11
5	-2	8
4	-2	3
1	-2	5
1	-4	3
2	-2	11
5	-5	2
0	-1	7
3	-1	9
2	1	4
0	-7	4
5	-1	6
0	-2	11
9	2	1
0	-5	13
1	-3	3
1	-9	4
2	-1	10
9	1	1
5	-4	4
2	-6	2
42	-18	1
1	1	3
0	1	3
2	-4	4
3	-4	6
7	-11	1
1	3	1
3	0	7
9	-6	1
6	-3	4
0	0	8
3	2	4
11	20	1
1	2	1
2	-10	2
3	-10	4
4	1	1
2	2	1
1	-5	2
0	-8	2
3	-6	1
3	1	4
5	1	1
7	-1	2
0	-3	5
2	-14	1
7	-4	1
1	-10	2
10	-4	2
4	-3	4
4	-1	2
0	-6	4
1	0	9
25	-14	1
9	-15	1
4	-7	1
1	-8	5
7	-2	4
3	-5	1
1	-7	3
5	-15	1
9	-4	2
10	10	1
4	-4	2
2	-3	3
76	45	1
5	2	1
6	-1	1
7	0	1
2	0	7
2	-5	2
0	-9	1
6	-12	1
11	2	1
6	-5	1
34	1	1
6	0	2
5	-6	2
5	24	1
6	-11	1
1	-11	1
6	-2	3
14	-10	2
15	19	1
26	0	2
10	14	1
7	1	1
27	0	1
31	-2	1
2	-13	1
29	1	1
2	-11	1
37	5	1
19	17	1
7	-8	1
2	-9	2
0	-18	1
7	7	1
4	-12	1
2	-8	2
33	1	1
8	-14	1
1	-12	1
12	-5	1
9	-3	1
11	-7	1
