2	-4	9
4	2	15
0	-5	7
0	2	3
1	-7	4
0	-1	9
2	-1	10
0	-4	7
35	3	1
3	-2	11
2	-7	1
0	-2	13
4	0	1
4	-2	5
4	-1	5
6	0	3
5	-3	3
2	-9	3
3	-4	4
3	0	12
1	1	1
2	-2	7
1	-1	6
3	-1	11
3	-6	1
3	-15	1
9	-12	1
2	1	3
2	0	5
1	-8	3
1	-3	10
4	-4	3
2	-12	1
0	0	7
2	-10	2
3	2	3
3	-3	1
1	-2	8
8	-2	1
0	-7	1
1	-9	5
2	-5	7
0	-6	9
7	-5	1
1	-5	1
1	-6	2
2	-3	1
5	2	2
6	-3	2
5	-6	2
5	-1	3
4	-6	1
3	1	1
1	-4	6
15	19	1
0	-8	1
3	-5	4
6	-5	3
2	-6	4
5	-2	4
14	-1	1
3	3	1
12	-11	1
7	-2	2
2	30	1
1	0	4
2	-13	1
0	-3	5
2	-11	1
1	-10	3
14	21	1
41	6	1
10	11	1
5	0	7
79	46	1
6	-1	1
28	17	1
0	-9	1
1	-16	1
7	-10	1
9	-7	1
9	-3	1
4	-15	2
8	-4	2
5	1	1
6	-6	1
36	3	1
5	-4	3
28	-3	1
2	2	2
5	-14	1
9	0	1
15	26	1
10	-6	1
10	12	1
9	-17	1
11	-8	1
1	3	1
2	-17	2
2	-16	1
6	-2	2
14	-9	1
9	10	1
5	-8	1
3	-12	1
16	20	1
7	-1	1
6	-8	1
6	-9	1
0	1	1
8	-11	1
6	1	1
