2	-4	11
4	2	16
0	-7	6
0	2	3
0	-6	7
0	-1	8
2	-1	8
1	-4	7
3	-2	9
2	-7	2
2	-2	12
4	-2	5
4	-1	4
5	0	10
6	0	1
5	-1	8
1	-8	2
5	-4	3
5	2	2
0	0	13
3	0	11
2	0	6
4	-3	4
4	-15	2
14	-13	1
2	-11	1
1	0	6
0	-4	6
2	-6	5
0	-11	1
1	1	3
2	-9	2
3	2	3
5	-3	3
1	-6	6
9	-4	1
1	-7	3
2	-10	2
1	-9	4
3	-1	8
6	-4	2
3	-5	3
0	-5	11
7	-3	1
5	-7	2
2	-5	5
2	1	3
6	-16	1
14	19	2
4	0	3
0	-10	1
0	-3	8
7	-4	1
0	-2	8
13	-4	1
3	-4	3
8	-11	1
1	-2	6
3	-3	2
0	-8	2
2	29	1
7	0	1
9	0	1
2	-15	1
1	-3	3
2	-12	1
1	-1	3
6	-2	1
7	6	2
77	46	1
1	-10	1
6	-1	1
4	-4	2
28	17	1
4	1	2
6	-6	2
1	-13	1
9	-7	1
4	-14	1
1	-11	2
7	-2	2
1	-5	1
1	3	1
35	3	1
5	-14	1
1	-12	2
13	-8	1
5	5	1
7	-8	1
15	2	1
5	-2	2
15	27	1
7	7	1
13	-15	1
11	-7	1
24	2	1
2	-17	1
37	4	1
2	2	1
4	-5	1
6	-3	3
16	-9	1
4	4	1
8	-3	1
5	-6	1
4	-17	1
8	-2	1
12	20	1
6	-10	1
2	-3	1
1	2	1
5	-5	1
8	-10	1
5	1	1
9	-3	1
