4	2	11
1	-4	5
4	-3	1
5	-4	4
4	1	1
2	-2	9
7	-2	1
2	-6	7
2	-4	8
5	-1	7
0	-1	8
0	-2	9
3	-3	5
0	-5	11
5	2	1
0	-7	2
4	3	1
3	-1	8
1	-9	4
5	0	7
3	0	9
0	-6	5
7	1	2
2	-5	4
48	-23	1
2	0	11
11	23	1
5	-6	4
9	-1	1
0	1	4
6	-2	5
6	-4	1
3	2	1
2	-12	2
1	-1	2
2	-1	7
1	-3	1
3	1	1
1	1	6
6	-9	2
1	-2	8
4	-2	3
4	-1	2
1	0	3
0	-14	1
1	-7	2
2	2	2
0	-8	4
6	6	1
5	-2	6
0	0	6
2	-10	3
1	-10	3
3	-2	9
4	0	7
7	-4	1
1	2	1
3	-14	1
3	-5	3
24	1	1
3	-4	4
19	3	1
0	-3	4
11	15	1
13	-11	1
6	-16	1
22	-12	1
2	-14	1
11	24	1
7	0	1
71	49	1
9	0	3
7	-1	1
5	-7	1
0	-10	1
3	3	1
0	-16	1
6	-11	1
10	0	1
18	3	1
5	1	1
2	-3	1
9	-2	1
2	-13	1
11	-6	1
6	-3	1
6	-1	1
5	25	1
1	-12	1
37	5	1
6	2	2
11	16	1
25	-9	1
6	-5	1
35	3	1
10	1	1
41	12	1
0	-9	1
1	-8	1
13	1	1
5	-3	1
8	-9	1
2	1	3
1	-13	1
13	20	1
2	-9	1
16	2	1
8	-13	1
5	5	1
23	2	1
9	-3	2
4	-5	1
3	-11	1
8	-4	1
1	-5	1
