4	2	16
1	-4	5
4	-2	2
4	-3	3
5	0	11
3	-1	11
7	0	3
3	-5	7
2	-2	10
6	-2	4
0	0	8
0	-1	3
0	-6	6
0	-5	11
1	-2	7
2	-10	3
2	-1	7
9	2	1
5	-5	4
2	-6	1
50	-22	1
5	2	3
1	0	7
3	0	13
10	14	1
2	-5	3
6	-10	1
2	0	7
6	-4	2
3	2	2
15	26	1
1	2	1
2	-12	2
0	-2	8
6	-8	1
0	-3	6
2	2	2
3	-3	2
5	-4	4
6	-1	3
4	-1	7
0	-12	2
1	-8	1
3	-2	4
0	-7	2
1	-7	8
2	3	1
1	-3	6
1	-13	1
7	-4	1
0	2	1
1	-14	1
7	-2	2
5	-8	1
30	0	1
3	1	1
14	-13	1
10	1	1
0	-4	5
10	19	1
12	-13	1
1	-10	1
6	-17	1
1	-12	4
7	-1	2
11	19	1
6	-6	1
8	18	1
5	-3	3
1	1	3
1	-1	2
5	-2	2
5	3	1
0	1	2
3	-11	1
5	-6	3
0	-9	1
6	2	1
1	-9	2
6	-11	1
11	2	1
23	2	1
3	3	1
4	0	2
5	-1	5
9	-4	2
3	-4	1
5	25	1
2	-7	2
9	-1	1
2	-4	1
14	19	1
6	-5	1
29	0	1
6	0	1
0	-8	2
6	6	1
4	-4	1
16	2	1
39	6	1
2	-16	1
21	3	1
7	-8	1
9	-3	1
2	1	1
0	-15	1
10	15	1
3	-12	1
24	1	1
8	-13	1
26	0	1
1	-11	1
11	-4	1
2	-11	1
9	0	1
4	-5	1
10	-4	1
