4	2	19
0	-3	13
1	2	4
1	-12	3
0	-1	11
2	1	3
0	-4	8
32	0	1
3	-2	10
2	-2	12
4	0	6
5	-4	7
5	-1	6
6	-7	1
1	0	11
6	-4	3
0	-11	4
3	-5	2
0	-2	9
2	-4	6
2	-1	5
6	-2	2
3	-1	4
7	-8	1
1	-13	1
6	-3	3
1	-6	2
3	0	9
2	-8	1
0	-9	1
1	-8	5
4	-1	10
3	-16	1
2	0	5
1	-2	9
3	-11	1
0	0	9
3	2	1
2	-3	6
4	-3	3
0	-5	8
0	-7	6
2	-13	2
1	-7	2
2	-5	1
5	-5	1
1	1	2
5	0	6
1	-9	3
5	-8	1
4	-2	6
11	18	1
10	-6	1
5	-2	5
6	-5	2
10	15	1
28	-6	1
11	-5	1
3	33	1
7	-12	1
0	-6	7
1	-10	3
2	-12	2
5	-6	2
1	-4	3
12	22	1
38	3	1
14	0	1
13	25	1
3	1	5
81	38	1
1	-5	1
28	17	1
4	-5	1
1	-14	1
3	-6	1
6	-8	1
13	-4	1
5	1	1
4	4	1
45	17	1
6	6	1
5	-3	2
9	-3	1
2	-10	1
5	2	1
3	-3	4
11	17	1
12	-11	1
6	20	1
4	1	1
1	-17	1
11	-11	1
3	-4	3
1	-3	3
2	-7	2
2	-16	1
7	-2	1
11	19	1
6	-13	1
20	23	1
7	0	1
35	3	1
2	-11	1
5	-10	1
7	-13	1
3	3	1
2	3	1
6	-9	1
