1	0	13
4	2	21
0	-1	9
2	0	6
5	-4	2
1	-6	3
0	-12	1
0	0	12
3	-13	2
2	-2	3
3	-3	3
4	-15	1
1	-2	10
0	-5	12
9	-2	1
3	-6	2
9	-4	2
1	-10	2
10	13	1
5	1	2
5	-6	1
5	0	6
11	1	1
1	-15	1
36	-19	1
5	-5	3
5	-2	4
8	8	1
1	-3	6
3	-1	4
0	1	2
9	-3	1
1	-8	3
3	0	10
6	-3	1
21	-11	1
3	1	2
0	-2	11
2	-1	5
1	-12	1
2	-4	5
11	-7	1
7	-2	1
1	-13	1
10	-4	1
2	-14	1
11	16	1
7	-12	3
4	-1	3
1	-1	5
11	-8	1
4	-6	1
2	1	3
10	1	2
11	26	1
11	17	2
28	-7	1
22	2	1
3	-2	5
0	-3	3
2	-7	1
0	-7	3
2	-13	2
3	2	2
6	2	1
14	-9	1
2	3	1
6	21	1
3	-9	1
0	-4	2
14	-1	1
35	2	1
6	3	1
1	1	3
3	3	1
8	-10	1
4	-2	5
2	-3	4
2	-12	1
5	5	1
1	2	1
6	-4	2
4	-17	1
8	-2	1
6	-10	1
60	13	1
4	1	2
7	7	1
1	-4	2
6	-11	1
11	19	1
1	-5	4
3	-4	2
1	-9	1
2	2	1
6	0	2
12	-11	1
0	-6	2
77	48	1
46	24	1
5	2	1
25	-9	1
7	1	1
10	-9	1
0	-8	1
6	-2	2
11	23	1
11	6	1
8	-4	1
16	28	1
14	-10	1
31	0	1
34	1	1
8	-5	1
20	27	1
18	-8	1
8	-3	1
3	-5	1
0	-10	1
11	-6	1
2	-6	1
6	-5	1
6	-9	1
1	-11	1
