5	-6	3
4	2	17
0	-3	12
0	-1	6
2	1	3
0	-4	10
32	0	1
4	-2	10
3	-2	12
4	0	7
2	0	13
5	-4	4
5	-2	4
5	-5	2
7	-4	1
0	-12	1
4	-6	1
1	-2	17
3	0	8
0	-2	11
2	-4	4
3	-1	7
5	-1	9
6	-7	2
1	-15	1
6	-4	4
0	-6	8
1	0	9
1	-7	6
1	-9	2
2	-16	2
4	-11	1
0	1	1
3	2	1
2	-3	3
1	-4	4
0	-5	11
0	-8	2
1	-13	2
1	-11	2
0	-7	5
2	-6	2
4	-1	5
1	1	2
5	0	8
2	-2	5
1	-14	1
13	20	1
1	-1	4
5	-3	3
0	0	8
9	-5	1
7	-5	1
2	-1	6
4	-3	2
6	-6	1
1	-3	4
10	12	1
26	-8	1
11	-6	1
2	32	1
6	-12	2
3	-3	2
1	-10	2
2	-12	3
4	-4	2
1	-8	4
12	22	1
38	3	1
13	1	1
11	23	1
85	43	1
5	2	2
28	17	1
2	-10	1
1	-16	1
4	-5	1
13	-4	1
3	-16	1
1	-6	1
5	1	1
2	2	1
3	1	3
3	-5	1
43	15	1
4	4	1
7	-2	2
1	2	1
2	-5	1
2	-9	1
19	-12	1
11	19	1
11	-11	2
7	18	1
4	1	1
2	-17	1
2	-7	1
1	-12	2
6	-5	1
11	16	1
3	-4	3
19	24	1
7	0	1
35	3	1
3	-11	1
5	-10	1
0	-10	1
7	-13	1
3	3	1
1	3	1
