2	0	8
4	2	22
0	-1	10
5	-5	4
5	-1	3
1	-6	2
2	-12	3
0	0	16
3	-13	2
0	-4	4
2	-2	6
3	-2	8
2	-15	1
1	-2	7
0	-5	17
4	0	4
2	-7	1
9	-1	1
1	-11	1
5	-6	1
12	2	1
1	-13	2
5	1	2
38	-18	1
4	-2	5
10	11	1
2	-4	7
0	-2	11
3	-1	6
9	-3	1
0	1	2
7	7	1
1	-9	4
1	-1	4
6	-3	1
18	-10	1
3	1	3
2	-1	5
10	-6	2
1	-4	2
1	-7	1
10	-4	1
11	19	2
6	-12	1
11	-6	1
3	0	5
4	-1	1
1	0	9
11	-8	1
4	-6	1
2	1	4
8	0	3
11	26	1
10	14	2
5	0	5
28	-7	1
19	3	1
3	-6	2
0	-6	2
2	-13	1
2	-6	1
15	-11	2
3	3	3
5	24	1
14	-1	1
35	3	1
7	3	1
1	-3	9
7	-10	1
6	0	3
1	1	2
31	0	2
0	2	1
6	-4	2
6	-17	1
6	-2	2
5	-8	1
6	-5	1
58	11	1
7	1	2
0	-3	2
5	5	1
7	-12	2
2	-5	1
8	-11	1
3	-3	2
1	-5	2
1	2	1
4	-3	1
11	-12	1
5	-2	2
77	48	1
48	21	1
5	2	3
5	-4	1
19	-11	1
1	-10	1
10	-10	1
0	-7	1
0	-8	2
12	6	1
7	-2	1
4	1	1
12	20	1
16	28	1
28	0	1
8	-4	1
18	27	1
18	-8	1
8	-13	1
11	-5	1
1	-8	1
7	-11	1
