2	0	6
4	2	13
0	-2	9
2	-2	5
5	-8	1
4	-2	6
2	-12	2
0	-1	8
3	-13	1
0	-5	10
3	0	10
1	-13	3
0	-4	9
0	-6	4
1	-1	10
2	-9	2
1	-12	3
0	0	11
5	-6	2
6	-3	3
10	3	1
0	-12	1
38	-15	1
5	-4	4
3	-2	9
6	2	1
11	16	1
1	-4	5
3	-3	6
9	-4	1
1	2	2
3	3	2
1	-9	3
13	-8	1
5	0	10
0	-3	3
1	-2	9
2	-4	3
7	-2	2
12	-3	1
26	-1	1
11	25	1
1	0	8
6	-10	1
14	-8	1
4	0	2
5	1	5
2	-1	6
11	-9	1
3	-1	4
4	-6	1
6	-2	4
2	-13	1
2	1	3
11	23	1
28	-7	1
11	1	2
5	-1	2
4	-1	2
1	-3	5
3	-4	2
1	-6	1
34	-2	1
3	-11	1
3	1	2
9	-3	1
0	1	2
9	0	1
15	-11	1
2	2	1
4	1	2
4	25	1
0	-7	1
14	0	1
38	5	1
7	3	1
7	-9	1
4	-4	1
26	-4	1
35	3	1
1	-8	3
5	-5	2
6	-17	1
6	-4	1
50	6	1
12	-6	1
3	2	3
7	-12	2
1	1	1
11	-11	1
8	8	1
4	-3	1
1	-11	1
11	-12	1
5	2	2
45	17	1
0	-8	2
1	-10	1
7	1	1
2	-5	2
10	-10	1
9	-6	1
10	14	1
12	6	1
5	-2	1
16	20	1
5	-3	1
15	25	1
13	-7	1
20	3	1
0	2	1
31	-4	1
9	-1	1
16	27	1
19	-9	1
7	-11	1
11	-8	1
2	-6	1
6	0	1
10	-4	1
