3	-1	7
4	2	14
2	-2	12
4	-9	1
1	-8	2
2	-12	3
0	-2	7
4	0	5
0	-4	7
0	-6	3
2	-1	8
0	-1	10
0	-3	3
1	-10	5
1	0	6
1	-12	2
4	4	1
0	0	12
5	-6	2
5	-5	3
9	4	1
1	-11	2
6	-3	6
1	-4	2
1	-2	11
8	0	2
11	17	1
2	-4	6
3	-3	4
1	-1	4
9	-4	2
2	3	1
3	2	3
1	-9	3
3	-2	4
2	-5	2
11	-7	1
5	0	6
3	0	6
1	-3	3
2	0	6
6	-2	1
2	-3	3
4	-2	4
1	-13	2
12	-3	1
0	-5	12
9	27	1
6	-9	2
14	-9	1
11	-11	1
3	-6	1
2	-13	1
2	1	2
12	20	1
3	-4	2
3	3	3
28	-7	1
5	-1	6
4	-1	1
33	-3	1
2	-6	2
6	-10	1
4	1	2
1	2	2
12	1	1
15	-11	1
5	1	2
4	26	1
39	7	1
7	3	1
13	1	1
0	-7	2
35	3	1
4	-4	2
7	-17	1
4	-6	1
6	-4	1
48	4	1
0	2	1
4	-3	2
11	-6	1
5	-3	2
3	1	1
6	-12	1
1	1	2
13	-11	1
6	6	1
1	-5	1
11	1	1
5	-2	3
12	-12	2
5	-4	1
1	-6	1
43	15	1
12	-7	2
6	1	1
10	-9	1
7	-2	1
3	-5	1
2	-9	1
0	-8	1
6	-13	1
7	7	1
11	6	1
17	21	1
16	25	1
10	-6	1
17	2	1
29	-6	1
9	0	1
16	26	1
2	-8	1
10	-8	1
1	-7	1
11	-5	1
