6	-3	2
4	2	10
1	-4	7
4	-2	5
4	-4	2
4	0	7
2	-2	12
7	-1	1
2	-5	3
2	-4	4
5	-2	7
0	-1	4
0	-2	9
3	-2	7
0	-6	5
5	2	3
0	-7	2
1	-5	2
1	-10	2
5	0	4
0	-5	10
7	1	2
5	-5	2
2	-6	2
48	-23	1
3	-4	3
5	1	2
1	0	6
3	0	6
11	17	1
2	0	8
6	-7	1
7	-2	1
6	-4	2
3	2	1
2	-12	1
6	-6	3
2	-1	5
0	-4	7
0	-3	3
2	1	3
0	0	9
1	-2	10
3	-3	2
1	1	2
6	-1	4
4	-1	6
0	-13	1
1	-7	3
2	2	4
3	-1	9
0	-8	5
4	4	2
2	-3	2
2	-10	2
1	-12	2
7	-4	1
1	2	1
3	-14	1
6	-2	4
4	-6	1
5	-9	1
1	-3	3
27	0	1
3	-5	4
2	-7	1
3	1	1
16	2	1
5	-1	5
11	16	1
13	-12	1
5	-7	1
3	-6	2
6	-17	1
20	-11	1
1	-14	1
11	21	1
7	0	2
6	20	1
0	2	1
74	48	1
6	0	3
4	-3	2
0	1	3
5	-6	2
0	-9	1
5	3	1
0	-14	1
6	-11	1
10	1	1
5	-3	2
20	3	1
1	-13	1
5	25	1
2	-11	1
37	6	1
8	0	1
11	19	1
21	-11	1
6	-5	2
32	1	1
1	-8	2
13	2	1
9	-1	1
1	-1	3
18	3	1
8	-2	1
1	-15	1
11	18	1
1	-9	1
19	3	1
8	-13	1
26	0	1
10	-4	2
4	-5	1
3	-11	1
8	-3	1
9	0	1
