1	-4	5
4	2	14
0	-7	5
0	2	1
0	-6	8
1	-2	12
3	-1	6
2	-4	9
2	-1	5
3	-6	2
2	-2	10
4	-2	1
5	0	12
4	-3	3
5	-5	3
0	-2	9
0	0	13
4	0	5
2	0	5
4	-4	2
2	-5	5
4	-15	1
17	-14	1
2	-10	3
0	-4	6
2	-6	8
5	-4	2
0	-11	2
5	-3	4
2	1	5
3	-9	1
3	0	12
1	2	5
3	2	1
2	2	5
5	1	3
1	-7	3
10	-4	1
1	-9	4
1	-10	3
0	-5	14
3	-2	5
6	-4	3
7	-3	1
4	-6	1
1	-3	8
11	19	2
3	-3	3
0	-8	4
7	-4	1
0	-3	4
14	-3	1
0	-1	7
5	-1	6
1	0	7
6	-11	2
1	-1	2
3	28	1
9	-1	1
8	1	1
2	-15	1
2	-12	1
5	-2	2
6	-2	2
5	4	1
77	45	1
1	-11	2
2	-3	2
28	17	1
6	-3	2
6	-5	1
9	-7	1
4	-13	1
1	-12	1
4	-1	3
1	-5	1
5	-6	2
9	10	1
5	-13	1
1	-13	1
13	-10	1
7	7	1
7	-10	1
18	3	1
15	27	1
7	-2	2
5	5	1
16	-15	1
11	-7	1
2	-8	1
2	-17	1
39	6	1
1	1	2
6	-1	1
3	-5	1
8	-4	1
5	-17	1
4	-14	1
11	17	1
35	3	1
7	0	1
1	-6	1
9	-9	1
6	0	1
9	-6	1
