2	-5	6
4	2	16
0	-5	8
0	2	2
0	-1	9
2	-1	10
3	-2	7
2	-6	5
2	-2	7
0	-3	6
4	0	5
3	0	11
4	-3	4
4	-1	5
5	0	10
5	-4	5
2	-11	2
2	-4	6
1	0	6
2	0	5
0	-2	13
3	-1	10
4	-5	1
6	-11	1
1	-8	4
3	1	1
0	-6	8
1	-9	5
2	-12	1
1	2	2
3	2	3
1	-1	4
5	2	1
1	-2	11
7	-2	2
2	-10	2
1	-10	6
1	-7	3
1	-6	2
6	-6	1
1	-3	6
1	-5	2
3	-3	4
6	-2	4
5	-5	2
5	-6	2
1	-4	6
6	-3	1
0	-7	6
6	-5	1
3	-5	4
5	-3	2
0	-4	4
15	0	1
4	-2	5
5	5	1
15	-11	1
8	-3	1
2	31	1
0	0	8
3	-13	1
14	22	1
6	2	1
11	16	1
2	-3	1
81	44	1
5	-2	4
5	-1	3
5	1	1
28	17	1
2	-17	2
9	-7	1
10	-6	1
4	-16	1
8	-4	1
4	1	1
3	-4	5
1	1	2
2	-9	1
40	7	1
2	1	2
9	-2	1
0	1	2
6	0	2
15	25	1
13	-7	1
10	15	1
7	-17	1
11	-8	1
1	3	1
27	0	1
2	-16	1
13	-8	1
10	13	1
5	-8	1
1	-15	1
4	-15	1
5	-11	1
17	21	1
3	3	1
7	-1	1
6	-7	1
38	4	1
5	-10	1
0	-8	1
8	-11	1
6	-4	1
