4	-5	2
4	2	15
0	-3	11
1	2	1
0	0	9
3	0	12
0	-4	8
4	-2	7
3	-4	3
5	-3	3
5	-4	4
7	-4	1
1	-12	4
0	-1	7
1	-2	21
1	-3	4
4	-1	7
3	-2	6
0	-2	13
2	-1	6
5	-6	3
3	-15	1
0	-6	6
2	0	8
1	-7	5
1	-9	5
2	-6	1
2	-15	1
1	0	8
0	2	3
3	2	2
1	-5	4
5	0	9
5	-1	3
1	-13	1
0	-8	2
1	-6	4
0	-5	10
5	-5	5
4	0	5
1	-4	5
3	-1	8
6	-1	1
6	-5	1
6	-7	1
4	-3	2
14	20	1
8	-3	1
4	-4	5
6	-6	1
3	-3	5
7	0	2
5	-2	4
0	-7	3
9	9	1
24	-10	1
10	-5	1
2	31	1
4	-12	1
1	-8	6
2	-3	3
3	-5	3
1	-1	4
12	22	1
38	3	1
11	1	1
12	20	1
28	17	1
2	-10	2
2	-17	1
2	-2	4
8	-6	1
12	-5	1
4	-16	1
7	-2	1
4	1	2
1	1	3
2	1	3
41	13	1
2	2	1
30	-2	1
6	-2	2
4	-11	1
2	-5	1
6	-3	1
19	-12	1
3	-6	3
3	1	2
11	22	1
13	-11	1
10	19	1
4	-17	1
11	-11	1
2	-4	1
2	-7	1
1	-15	1
1	-11	2
10	-6	1
11	16	1
5	-7	1
9	-2	1
6	-11	1
18	24	1
35	1	1
1	-10	2
2	-11	1
5	-10	1
