2	-4	11
4	2	20
0	-6	7
0	2	3
1	-6	3
0	-2	8
2	-1	13
0	-4	3
3	-2	7
2	-7	1
2	-2	9
4	-1	3
5	-2	6
4	-2	5
6	0	2
2	-9	3
4	-4	2
0	0	15
0	-1	9
3	-1	10
3	0	8
3	-15	1
12	-12	1
2	1	3
2	0	5
2	-5	5
2	-10	3
1	2	2
3	3	1
4	-3	2
1	-4	6
9	-3	1
0	-7	3
1	-7	4
1	-8	4
7	-4	1
2	-3	1
7	-3	1
5	-6	2
5	0	8
3	-6	1
3	1	2
6	-17	1
14	19	2
0	-5	10
5	-3	3
4	0	6
0	-9	1
0	-3	6
6	-4	2
13	-2	1
1	0	4
3	-3	2
1	1	2
3	-5	4
9	-11	1
2	2	2
1	-2	12
3	-4	3
6	-1	2
0	-8	3
2	30	1
8	0	2
2	-14	1
2	-12	1
1	-9	2
7	-1	1
9	9	2
2	-6	5
77	46	1
28	17	1
6	-5	1
1	-15	2
9	-7	1
7	0	1
4	-15	1
1	-10	1
8	-2	1
5	1	1
1	-5	2
5	-4	3
1	-3	3
5	5	1
5	-14	1
12	-7	1
6	-7	1
15	27	1
8	-3	2
11	-16	1
11	-8	1
1	3	1
2	-17	1
5	-1	2
5	-5	1
6	-2	2
6	-3	1
15	-9	1
6	5	1
7	-2	1
3	-17	1
1	-11	1
15	19	1
6	-8	2
37	4	1
0	1	1
8	-11	1
