4	2	15
0	-5	17
4	0	9
0	-1	6
2	-2	7
5	-2	7
4	-4	2
20	3	1
1	-1	3
6	-4	2
0	0	12
3	-2	8
2	2	4
0	-6	6
1	-3	5
2	-4	10
1	-7	2
2	0	7
8	2	2
5	-4	2
3	-6	3
37	-18	1
0	-8	2
2	1	3
3	0	10
3	3	2
7	-11	1
3	-1	11
8	-5	1
5	-3	5
3	2	5
10	15	1
1	2	1
2	-10	3
2	-1	5
7	-2	3
0	1	2
5	-5	2
0	-3	6
0	-2	7
3	-5	3
6	-3	2
3	-3	4
1	-13	1
6	-2	6
3	1	4
2	-12	3
7	-4	1
1	-12	2
4	-2	4
11	-4	1
0	-7	5
1	-11	3
1	0	6
4	25	1
21	-11	1
5	0	4
5	-15	1
2	-6	4
1	-10	1
1	-8	4
2	-5	2
1	-2	4
2	-15	1
7	0	1
6	1	1
1	-6	1
6	6	1
4	4	1
3	-4	1
4	-3	3
1	-4	4
8	-3	3
5	-1	4
1	1	1
6	0	1
0	-9	1
11	-7	2
4	-10	1
3	-12	1
6	-12	1
9	0	1
9	-6	1
5	-6	1
8	23	1
6	-11	1
37	6	1
16	-10	1
14	20	1
27	0	2
6	-1	2
11	19	1
0	-4	4
1	-5	1
33	1	1
16	-13	1
28	-6	1
30	1	1
41	9	1
1	-9	1
7	-8	1
11	-5	1
2	-17	1
2	-9	2
2	-8	1
8	-14	1
4	-1	1
0	-11	1
23	-10	1
10	-9	1
