1	-3	2
4	0	27
3	-6	1
0	0	13
5	0	11
4	1	7
4	-1	4
2	-1	8
2	-4	7
4	2	12
5	-2	8
8	0	3
3	-1	6
24	1	2
58	12	1
8	7	1
7	-2	2
1	0	10
3	0	16
5	-1	5
6	0	3
5	-5	4
5	-4	4
0	-2	8
34	1	3
0	-5	2
5	-3	2
7	0	6
2	-5	2
2	-13	1
6	-1	3
1	-11	1
9	0	1
3	2	3
6	-3	3
1	2	4
34	3	6
2	0	9
2	-2	2
3	-4	2
4	-2	11
3	-2	10
0	-6	2
14	-11	1
5	-6	2
2	1	5
46	15	1
1	-1	1
0	-3	3
3	-3	4
0	-1	6
35	3	2
10	-11	1
2	3	3
5	1	5
2	-8	1
1	1	2
1	-4	4
1	-5	1
1	-2	2
3	1	5
3	-5	3
50	21	2
1	-6	2
1	-15	1
60	13	1
10	14	1
4	-4	1
26	0	1
9	8	1
7	-1	1
6	1	2
1	-9	1
0	-4	4
10	1	2
2	2	3
40	7	1
4	-14	1
4	-6	1
37	4	1
10	-9	1
11	1	1
0	-7	2
0	1	1
6	-7	1
32	1	1
28	0	1
5	2	3
17	2	1
1	-12	1
0	2	2
6	-4	2
2	-3	1
9	-4	1
1	3	1
4	-11	1
6	36	1
0	-8	1
7	6	1
6	-5	1
13	34	1
6	-11	1
5	-7	1
38	5	1
4	4	1
3	3	1
6	-2	1
21	3	1
4	-5	2
13	2	1
1	-13	1
