0	-2	6
4	0	17
3	-3	5
0	0	8
6	0	2
61	26	1
4	1	8
6	-2	5
3	0	18
1	-4	3
16	2	1
2	-5	3
53	13	1
8	7	1
7	-1	3
5	-2	10
6	-4	2
5	0	20
6	-3	3
35	3	3
0	-4	4
5	-3	4
3	-6	1
1	-12	1
5	-1	2
0	-12	1
5	2	5
0	2	6
0	1	3
1	0	10
23	2	2
34	3	8
2	0	12
2	-2	4
2	-4	2
3	-2	6
1	-1	3
11	-11	1
6	-7	1
2	1	9
47	15	1
2	-1	2
0	-3	5
7	0	3
4	2	16
33	1	2
10	-11	1
2	3	3
2	-8	1
1	-5	2
1	-2	5
0	-1	5
48	23	1
0	-6	2
1	2	5
3	1	8
0	-15	1
53	8	1
5	-5	3
10	15	1
3	-4	2
32	1	1
3	-1	5
9	9	1
7	-2	2
1	-10	1
34	1	1
0	-10	1
4	-1	4
0	-7	5
5	1	5
4	-2	6
6	-14	1
4	-6	1
10	-9	1
5	-6	1
16	45	1
2	2	1
1	-3	2
44	16	1
25	0	1
1	-11	1
0	-5	4
1	1	1
8	-2	1
1	-7	1
6	1	1
3	3	3
1	33	1
2	-13	1
5	-4	2
13	34	1
10	-4	1
2	-3	1
4	-12	1
1	-9	1
6	-8	1
6	5	1
3	2	2
50	20	1
4	-3	1
13	2	1
6	2	1
22	2	1
2	-6	1
4	-4	1
