0	-3	5
14	2	1
4	0	23
3	-5	2
0	0	9
5	0	17
62	26	1
4	1	9
5	-1	3
3	-1	4
2	-4	5
4	2	16
8	0	2
3	0	15
22	3	1
56	13	1
8	7	1
7	-1	5
2	0	11
6	0	2
5	-5	4
0	-2	8
35	3	3
2	-3	1
0	-5	2
5	-3	3
7	0	5
1	-13	2
1	-12	1
6	2	2
0	1	5
6	-2	2
24	2	1
34	3	8
2	-2	1
5	-2	10
5	1	4
3	-2	12
0	-7	3
12	-11	1
5	-6	3
2	1	8
47	15	1
2	-1	5
2	-5	3
1	-1	4
35	1	3
1	-2	3
10	-11	1
2	3	2
2	-8	1
1	0	6
1	1	4
1	-4	3
5	-4	7
1	3	2
0	-1	3
3	-3	2
49	22	1
0	-6	3
1	-5	1
1	2	3
58	11	1
6	-5	2
10	14	1
3	-4	3
3	1	6
29	0	1
9	8	1
7	-2	2
1	-11	2
6	1	2
31	1	1
1	-10	1
4	-1	2
0	-4	5
4	-2	6
38	5	1
3	2	3
5	-14	1
4	-6	1
35	2	2
10	-9	1
6	-4	1
12	40	1
2	-6	2
5	2	3
25	0	1
2	2	1
42	14	1
23	2	1
6	-1	1
0	2	2
1	-3	1
5	-11	1
3	34	1
2	-13	1
3	-6	2
1	-8	2
5	5	2
13	34	1
9	-4	1
4	-11	1
3	3	2
6	-8	1
36	3	1
6	-3	1
50	21	1
0	-8	1
11	1	1
19	3	1
4	-4	1
